1.7625 7.8
1.7371284771671742 8.08467206364586
2.3062379229957566 7.566309450379071
1.6435507788645374 8.324967203373543
1.8111819565217604 7.862169182438332
1.8878595136552545 8.060426034103582
1.35 7.2375
1.6971702420153725 6.852916570231477
1.635622488400222 6.758317515701172
1.1487497063918752 6.876789906200014
1.5336464740676106 6.670775060378915
1.559987445775104 6.387684672712133
2.3125 7.1875
2.0381839288721855 6.898605493798556
2.2212572910975785 7.3985367420771215
2.2883447048040737 7.143287293335808
2.3247601664234354 7.233838598155694
2.468776200873122 7.204558231909102
1.9875 7.55
1.3493498865443585 7.605432695301604
1.4914099239067897 7.593278692108076
1.0353650955765805 7.405491680542589
1.393897594358023 7.571965828252831
1.0198204068595815 7.579884565856344
1.2375 7.4875
0.7351016662261312 7.272047602642779
1.6697963913788372 7.5494575270140345
1.2942171137443341 7.167312171667435
1.196164477052627 7.576847311457877
1.2002911369674771 7.141796312682334
1.9 6.7625
2.3136371642482856 6.613912418874622
2.280265110558498 7.007316000354106
2.4732968718759967 6.964135416068433
2.886615100612341 7.3288039892127514
2.0270345571478487 7.320966900658908
2.65 7.475
2.153367895171353 7.776096147762982
2.7321744705189586 7.625467386720774
2.171334288806942 7.694842331047846
2.1675546182778542 7.422860351316791
2.5954162787383903 7.673439304127091
1.4875 7.7125
1.3726253998009468 7.71678252648169
1.6507897766872126 7.291798504936411
1.4744244330425662 7.289993454181453
0.7007767990653379 7.279136825272298
1.0972251475325923 6.856977851508984
1.3875 6.7625
1.9906418738848082 6.058885808999249
2.1398672251329174 6.916119435841281
1.7780098272494391 6.197346891499411
1.4760569264144199 6.281109516692613
2.2580030534525735 6.745075467323423
2.3625 8.2875
1.570634526144363 8.272707218088469
1.9646633505965956 7.857275645586581
1.8688344326621293 8.26218425626964
1.850878472581935 8.522050870547616
1.9329793370440647 8.187949242606214
1.3125 7.2
2.317873504356703 6.504883703531195
2.5298375997979203 6.906937119905534
2.4158489008033373 6.761525570703822
1.9819228545015455 6.62885226385545
2.2213552716203 6.991799283516615
2.4875 6.4625
2.9924253596616426 6.885708153463429
2.801768486098505 6.96367674262658
2.829343023356024 6.932205457980887
2.520680542431685 7.043114471481357
2.7466760909405648 7.117931565563356
2.95 7.3875
2.8461157721699433 8.02558975750493
2.8903421486893572 8.315064451278838
2.523602735491918 8.249004366806208
2.7657939863058485 7.855582041288163
2.540378999292776 8.244983948205112
2.5125 8.0875
1.8725826459352988 8.199419897253344
2.0010753085052135 8.2390899491968
1.5767896125028504 7.795416149868638
2.2684815250606025 8.451501955065774
2.454389183443391 8.112909504519257
1.2875 8.0875
1.027673337263606 7.344578860358223
1.0615822636667287 7.290791792781398
1.0697954833397731 7.209852861317866
1.1591734526322486 7.636840357886444
1.1823106134261652 6.855397287646831
1.225 6.6125
1.6359543085094934 5.982515887731596
1.287221603726502 5.971143927397126
1.597553239038985 5.751455741643638
1.5877947829794157 6.328926149404955
1.7724829908158022 6.446753703519727
2.8375 1.7875
3.0048282620493643 1.5899788166162836
2.7710845397457424 1.4829843557385955
2.870009333487308 2.019876684764543
3.3953689298753376 1.582712919547022
2.9116436136204817 1.6469482841763892
3 1.5875
3.109407500558376 1.494665485937675
3.4132348746545693 1.9226619391718742
3.304500658688 2.258445881105287
3.526155549603421 1.7358076438881782
3.41927803648872 1.3769824860672812
3.2 2.15
2.8634883763922607 2.5258841454417036
2.8334081775746927 2.0834966612234638
2.4446852808492303 1.7718088040180717
2.317656534553309 1.9773724532215524
2.5402378184111134 2.4204322631884265
2.7 0.85
3.134204399060099 0.9072004764647247
3.175495883984438 1.1950122487181403
3.238896009448564 0.5657300402929991
2.724893549064017 0.6588480097000172
3.1046620352097407 0.8914147614685135
3.9 1.475
3.204437267965015 2.337278958800398
3.132288125872713 2.3583655636133853
3.9387201680067294 2.811729032535625
3.6442094753501664 2.5671954337113605
3.8870180678735893 2.3640781430705644
3.0625 2.7
1.9319262713752454 2.2022595810427505
2.230186133170279 2.0769400662484214
2.3519985708961952 1.7050951228390858
2.462601730250992 1.517086018874886
2.289153592020621 1.8684387808151768
2.6625 1.1
3.820929395012192 1.6314389473234159
4.255097055091499 1.4077298306784172
4.4140939388463885 1.1378053598860816
4.051351753060481 1.087616123812765
4.182518911915383 1.3548194760248777
4.825 2.2
3.5428072972607083 2.537623194199786
3.9875515959434535 2.639850248696496
3.879110673721219 2.8290636742821276
3.9015002767839553 2.94124389014481
3.4812301833959105 2.6063165232774694
3.1625 2.9
2.2923679380993045 1.6266633530549286
1.967381906921751 2.194057727037341
2.606783301358864 1.7616914965509665
1.8984767400189486 1.3184599442141463
2.606233005760832 2.0474300341969722
2.8625 0.8625
3.849105053050478 1.3480627862378356
3.9767387360989965 1.0353612205269385
3.9769580813614547 1.2258854177143548
3.6100735775128796 1.1758786989965444
3.865687278070974 1.3583415377511643
4.3625 2.5125
3.3569308702098697 2.835990015087057
4.066378077130402 3.0162759324703217
3.633895022679429 3.10615341635325
3.487602398826657 2.7770055756481566
3.3377355878522663 2.8172008381141636
2.5625 1.8875
2.5186722473255863 0.9999898739028026
2.857927041155092 1.636733697802643
2.601593777619859 0.9517413643775043
2.6546899993393183 0.984605307754731
2.6884619884811007 1.2581199089972912
3.4875 1.15
3.759415361415244 1.7755036377791626
3.97389953396834 1.9972833053924646
3.6330525052780613 1.792698721148831
3.3888198801865337 1.3439252135699378
3.774308519910508 1.5807302045175375
3.625 2.3
2.9909266856672305 1.5599204755198641
2.2421488971774637 1.5609956251386534
2.5769396802609794 1.4200427445599204
2.8959609312851535 1.7734407489388033
2.5151358462146094 1.2512781381141764
3.0625 1.45
2.814368274268302 1.5380812545524136
3.726551794775568 1.1842914639999294
3.1435204481346237 1.6027164049965676
3.5347072540553635 1.6462464644694337
3.492985996875779 1.2347462587408728
3.775 1.9125
3.2612525421554492 2.3947804359244813
3.4664816337513438 2.1964288578854307
3.5444590718351554 1.9585855475728793
3.5690799071486365 1.944540796589834
3.7456774344883366 2.0595147802824867
2.9125 1.825
3.168547779051848 1.4259859575185545
3.193132742624824 2.116859100673865
3.4241711479371046 1.8166927360567597
2.7008009395534107 1.6412828460913886
2.9269757904959404 1.2876756791519994
3.6125 1.675
3.4180090143974637 1.4832007133862746
3.686034352428243 1.589204681279965
4.1137348567818055 1.5536670071985597
3.1499110100289345 1.4141049922971347
4.198474005889184 1.9138043612288782
3.35 1.925
3.043857707146649 1.9412526376019883
2.7766954608786047 2.255233633869517
3.0245837991851183 1.927166886056817
2.5821499676057535 2.301201620472851
2.7306170656573476 1.563936002548688
2.925 1.8625
3.246811495088443 1.2489434776661341
3.0497804967553934 1.4660716638391549
3.2089825126427085 1.5979407670458528
3.1660579859934144 1.677779809930918
3.0789020827318834 1.5460010608622057
8.25 6.025
8.044768570101914 6.471291456196964
8.321248806404125 5.946040027189519
8.01762640205333 6.196918290493655
7.916728570348899 5.961586948947593
8.1497949965466 5.831074131781601
8.0125 5.1
8.640742060994828 5.237493884291487
8.358220981523663 5.485206642282096
7.89592047508966 5.316621506429075
8.48571249455851 5.260376056333609
7.989631964835406 4.461053658893451
8.425 5.3375
7.871090964879015 5.453360184713405
8.32204860811727 5.2984738283445
7.769449645028584 6.12930843085721
7.668682517649718 5.766157191049319
8.225688956008458 5.740044006980894
7.65 5.6125
7.091822004325269 5.028546273439597
7.702018081223201 4.73824688135514
7.03190742518002 4.636653218916196
8.007519895292386 4.366335492234876
7.563078132749578 4.79303749965944
8.775 4.85
8.73260908272108 5.588490436530561
8.789220392285925 5.982314439371089
8.716944502680187 5.663462987067115
9.096977012664105 5.768486248013232
8.488038712356953 5.560169440094614
8.525 6.025
8.014958604238661 4.46205485501925
8.496468531752823 5.051397119975074
8.244788566263317 4.620864362548021
8.35592912743575 4.512244264299883
8.180587530973925 5.048537535745185
8.95 5.6
8.318079437546322 6.161274616579474
8.543372334992544 6.4533870554600465
8.473786092874898 5.89481365702592
8.854285674939586 5.596259772053505
8.488803014844116 5.909495021445836
7.7125 6.15
7.770909787149627 5.308931462575463
7.451156813805565 5.101053474085738
7.509933547636597 5.868581016030879
7.767574546206964 5.166024819134166
7.354852979235465 5.009246555682645
9.025 5.8625
8.902343475253105 5.965666161719583
8.9257530597752 6.001040650013694
8.990660614413729 5.934209744072098
8.769850222153309 5.760236324056253
8.887870397831001 6.422026940130581
7.725 5.9875
8.260464915851967 5.1590320787521025
8.584821198254847 4.826130579692965
8.228748335212035 5.125717998800477
8.571704939971886 4.820044309714761
8.476794443138543 4.8021909884232405
8.5625 5.25
9.020593997552192 5.586747206433436
8.036108810322501 5.287436766873368
8.846720691826476 5.171033858353089
8.533465073267049 5.613111879222681
8.597008762951353 6.030794663735655
8.025 5.8875
7.70806700549242 5.582949734264723
7.383834740527402 5.676742099420211
7.689564601874309 5.689317424964113
7.655270932999182 5.9260682225973556
7.600835976941532 5.7877834771491745
7.5375 5.425
7.745222313691106 5.428967113638045
7.757021764795127 4.953090533791466
8.02609622788923 4.955891688293764
7.741036842229621 5.682127372415168
7.848960037893417 5.150063193035455
8.4625 5.325
8.825585219000798 5.774731354732452
8.779916862932044 5.154198549859915
8.87459198691386 5.221517099619348
8.480876231739444 5.369022184411897
8.312476211529114 4.803560385417155
7.825 5.6875
7.617689541666545 5.70806779606133
7.699925178856942 5.429070942764352
7.536326101861013 5.6090941083575405
7.685635962861177 6.1341356620024206
8.234312571994415 5.402117563589533
7.85 5.2875
8.081249723157821 5.139929451318821
8.068328504349408 5.617745771080761
7.950659388209592 4.935554781415652
7.996041715117419 5.301868253263359
8.25432456332899 4.846292511173026
2.1125 7.2375
1.9265728613874902 6.770397513301279
2.244494871345825 6.957292300773534
1.9218001571457282 6.785005134047668
1.8736271644650704 7.23031214406964
2.225480575770157 7.357926215798406
1.7 7.5
1.8378947984863871 7.077476967242552
1.4260313829231872 7.198952592068963
1.0549581221944293 7.078976053609755
1.6235092525451775 7.446418724645095
1.2609745389561167 7.353907130821919
1.4625 7.35
1.7046586678030209 7.417299246415875
1.492674894673194 7.238680049437782
1.5932323156062975 7.709282736472995
1.3186887127994074 7.507556022543229
1.4437131288868277 7.394635359846054
5.85 9.1625
1.7625 4.55
5.8375 1.425
5.6375 6.4125
2.8375 1.0625
8.9125 4.4125
0.8375 1.1375
0.9625 9.5875
9.8375 9.275
9.8 0.075
