0.6375 5.8125
0.7352804560862207 5.564971713464118
0.41358746429281157 6.197233492561202
0.5342169198171358 5.727815089262588
0.7651008055276043 5.864239964442569
0.5323250458008184 5.292895778629612
0.7375 6.225
0.43452948355969634 5.909010691808907
0.7524157490622587 6.362499884713315
0.7770364171895274 6.355902045486625
1.0329593076725283 6.419182179559155
0.5887022813699593 5.846924432148433
0.8625 6.5125
0.8259885431901344 6.773356885414361
0.8739123302509 6.72707833350537
0.932766182991468 6.92997641334796
1.0362191575528281 6.986506211987141
1.216648206019632 6.751115592777327
1.025 6.875
1.4603891985879476 6.77638519267051
1.2458590593091552 7.219788666406425
1.501099312972911 7.147322450953917
0.9557197727902071 6.99589429086573
0.8743441142144203 6.777754974184026
1.225 7.525
1.841612211887184 7.57591166666319
1.22958891193894 7.345309308977261
1.4694563174598865 7.5616001490992915
1.2781799010779333 7.4617514859022
1.1745792958176338 7.2009466357196175
1.3625 7.6875
1.074038731452102 7.471375136578466
1.14386932709527 8.024226630225261
1.5562904331626588 7.357189188265475
1.8528823996817458 7.713950259808124
1.2867308040964607 7.515416365216575
1.4625 7.9
1.7394504580361165 7.836326342788729
1.2871499954009529 7.956839261867579
1.3994599100788359 8.301548532179547
2.100057233398728 8.42387367007173
1.4373364428784359 7.86207681458321
1.7875 8.2
1.923184152956439 8.17353519248273
1.3634663481090379 7.922187656704677
1.954879539514658 8.313474012124
2.232542842964965 8.362614886748451
2.0533091836986954 8.494227561097256
2.075 8.325
2.3384536763046566 8.530723695826309
1.8118466883520488 8.561691037543758
2.0778813784618353 8.87938033244631
2.1649967674031645 8.355143311508046
1.7831021125580022 8.811445587557511
2.8125 8.3875
2.8416238792638664 8.683198229243587
2.5445838875456217 8.385637996082696
2.656971046367175 8.492540130278377
2.2825806397998294 8.670821147557422
3.389287782393749 8.303790702127198
2.5375 8.6875
2.023434366326949 8.933815729600095
2.7265782946045984 9.173074803789962
2.9533970102177576 9.008687178536016
2.697744708960353 8.21590689001257
2.8552550203225215 9.220604190288984
2.8875 8.6875
2.930590461297972 8.859074234155448
2.923114625815184 8.710152825535287
2.9251714255092227 8.68068688760614
3.3407989399812754 8.889272694820036
2.4760999101646366 8.962770668989435
3.125 8.675
3.933221494060805 8.80080598193652
3.2126971271502804 8.440139206461463
3.421773639315197 8.891837433060008
3.6228643967642484 8.343494599815893
3.5771458741355473 8.485971296109938
3.5875 8.5
3.675089159560924 8.5696047808155
3.1734315229371335 8.791274068804336
3.6772050476672886 8.481618238675697
3.493609922992762 8.236522562853645
4.225808269271404 8.483101188327812
3.8625 8.4125
4.366889917928525 8.68180453266886
4.11519315533589 8.043444028114301
4.367492589312496 8.47870750534503
4.498492106057632 8.595605514066936
4.315708974880223 8.415072941031557
4.125 8.1875
4.023706979278822 8.196527876283291
3.8297096769355603 7.977238409889333
4.04609131349303 8.373191821678551
4.214245878244887 7.8692395885342945
3.6147306887836392 8.00277566088676
4.2625 7.925
4.661670107932961 8.289818864568751
4.273277406785893 7.543907263494452
4.180437278703198 8.096968239985355
4.137365760568398 7.3513315387121
4.392144164073162 7.839885373767134
4.3875 7.7125
4.756099711374434 7.152982006188646
4.568535158040801 7.038499183042004
4.574897039208929 7.866827485566583
4.377337531650608 7.663092929895235
4.288936527203135 7.449865119831584
4.6125 7.4
4.610320164233725 7.473669644570291
4.648252302692801 7.3120492129880805
4.997060105942269 6.9754045891757
4.661667322327205 6.767037065855996
4.077464644393316 7.199220044604658
4.9125 6.9375
4.565694418444807 6.630359949430503
5.484845685338242 6.955750662838334
4.9447412293875175 6.381428238569557
5.058188892472565 6.782153630734205
4.992639854497929 6.788627489815015
5.075 6.65
4.955915399052165 6.3241009816814895
5.681568622681736 6.5822665445363855
4.9861258966934 6.572822998866917
4.714418064144693 6.263985602442229
4.960050637154999 6.287665067884082
5.425 6.1625
5.161005010126442 5.904221604694438
5.566830973945504 6.019444229765471
5.391979961057666 5.783152631637501
5.337676090148223 6.072660138099176
5.613210714446826 6.600818399886319
0.35 5.1625
0.4246781743071675 5.078290645541012
0.14767244369776597 5.154525370299823
0.34902554764730237 5.192223489535995
0.3285602258169673 5.155757192199008
0.475 4.6125
0.5154565657846157 3.987287910139974
0.3662505171357691 4.725645803342688
0.8010039251331381 4.493825713712317
0.4812070180437599 4.537253030020514
0.1070553121011423 4.9681526209697875
0.4 4.475
0.5146276743343557 4.329326827264233
0.3540691751128052 4.017752441190262
0.41288902265511673 4.396255385744099
0.04071429363651404 4.842712014772287
0.4087198832926819 4.919869677575578
5.125 6.3
5.135158516133325 6.46188620795323
5.093445620911295 6.618993942290783
4.698164846995804 6.437556302102057
5.148247355998157 6.199448050223911
5.299706137990257 6.461564056739247
5.0875 5.9
4.900739931333407 5.724763608361226
4.950549797057411 5.447231848488334
4.928610302300475 5.884719170785175
5.57568750081453 5.666700416901679
5.13713158113024 5.659123717069665
5.1875 5.1875
5.5331471061728 5.023332874063184
5.406202328377904 5.287925878957688
5.70938551360811 5.453962139851178
5.516785008838002 5.123546483950425
5.6166829829660845 4.852540350746738
5.225 5
5.2645697111601075 5.029931195692233
5.399675032348201 4.927228575758022
4.937108221323322 4.551458473462535
5.275914757687898 4.8859783997699315
5.66187018516567 4.997594367386279
5.2875 4.6375
5.229526540185664 4.935484546197952
5.35521776180746 4.266181601068604
5.567334069744183 5.1623243916393715
5.137219715915314 4.550155633675387
5.103194619450487 4.423476897317509
2.775 8.8125
2.932775375680317 8.44980771443922
3.1533987727884822 8.556473210774097
2.7571677543470807 8.927932400443972
2.843174953809295 8.716634549505581
2.533267247584137 8.635492255224325
2.7 8.8125
2.4711194256120406 9.001067861143513
2.521673618218675 8.73265435166942
2.5953805694317396 8.79320069158227
2.7920231561091535 8.855118929215447
2.3050507563159344 8.562297958078204
2.1 8.4375
1.8589137324165814 7.997141809065013
1.9844801396581517 7.862195061338822
1.8916392331333103 7.931818173875388
1.654911903943607 7.916924537480263
1.9876853012736742 8.321343718011267
1.9125 8.2375
2.1528984684787593 7.93163329217555
2.023929405328308 7.879841816276107
2.0388911934395977 8.33654342641197
1.514516646702182 7.508540880166166
2.2890316657325567 7.972835644455344
1.625 8
1.9138968345266254 7.867927753465625
2.147694577896959 8.030157665945639
1.7736443586114814 7.990421771568917
1.2223224446875598 7.960725491557417
1.4994778792168248 8.348331198064251
1.225 7.625
0.861741194658834 7.3355365731530515
0.8837640929777111 7.101849299925917
0.9325935393079483 7.5446268911916885
0.6417950332137219 6.913299496623049
0.8748657729260654 6.9796003397684885
0.8625 7.25
0.4255465804063375 6.904295590002408
0.6272537755957298 7.267919212751285
0.984641939353056 7.337747375535878
1.0916812849684692 6.705580601139205
1.0488127220565606 7.046517222876936
0.75 6.8625
1.2655289477817615 6.772059787141529
0.8195262081606446 6.504142836808694
0.40932546933821073 7.102552857519589
0.4724104633889509 6.87807734672908
0.8029943182998492 6.567620599656595
0.625 6.2125
0.7784810017512135 5.815016899552317
1.0330660976536157 6.300975176272432
0.7268108724648921 6.266351436667969
0.1545727207106033 5.703519945885459
0.6533706955044354 6.096162097182365
0.425 5.6375
0.3928856715760106 5.443210856445263
0.07257576819357983 5.640571895348866
0.5361960686197695 5.92533640942257
0.4813107465388716 5.428511804095036
0.6266623948338629 5.835561038358579
0.4125 5.4125
0.27195139417621084 5.43496652034843
0.36817818589370316 5.283825450868124
0.3148265280159828 4.814700725761467
0.2367746262115639 5.105974722894016
0.3822373330040442 5.263451151899997
0.35 4.9625
0.28699304592019087 4.7516417978652
0.19507848790052956 4.1794309345236
0.29826569494679744 4.788917537665999
0.2885007543429412 4.644637277101383
0.3336472379199442 4.737898114326578
4.5 7.8125
4.412411209493142 8.077890149677218
4.2950352155316 7.435068136924544
4.522820378297596 7.678041527572326
4.535970406618204 7.718336381028287
4.415643783100788 8.124300813124886
4.9375 7.1375
5.149524356748707 6.94913224691272
5.177651201937271 7.313379454605777
4.9872569409805365 6.526079823191594
5.450078997128489 7.054820459103963
5.010539696354147 7.187579911153035
5 6.9375
4.707442405398323 7.074569409467927
4.746878880598354 7.0746252980811395
4.997585927893748 6.592859518052213
5.457053202597293 6.4052693890119885
5.105311931359615 6.694054436497933
5.2375 5.4375
5.190064111131654 5.530871849756782
4.887825314448247 5.076006318069021
5.290132836114585 5.286518409141734
5.498401095301075 5.162729753981377
5.141198855458457 5.5399092140438935
5.425 4.9
5.543269873219561 4.722529378628485
5.103404462782776 4.448018598825382
5.342833037088813 4.370482713768162
5.430825643023537 4.270563478307024
5.368861323684543 4.950240006682643
2.7375 6.25
2.548883017533245 6.058713187370686
2.3206612693471627 6.495049101385655
2.6226767672557805 6.3131925834798235
2.629560099461562 6.187769219836982
2.391375368395181 6.365854382134826
2.8 5.7875
3.193200069670686 6.1096049468435245
2.9968691558719724 6.012251386535905
2.3673429268066597 5.888393719149079
2.9961892120367275 5.584231656361978
2.777270708529503 6.1864620398751855
3.0375 5.3875
3.0237035507997585 5.663363418799375
3.590266774344941 5.49753269115945
3.0161465491973414 5.2803222956775695
3.365302599881293 5.076855407666998
3.4451647176949165 5.012250782984942
3.0375 5.2625
3.5267447300864445 4.986090654910264
3.3832121841329355 5.274263308761753
2.9351356432074724 5.303172364755738
2.9866246291741136 5.4100607004690335
3.392413034141415 5.055805855827773
2.825 6.1
2.4863287182571057 5.720479020363369
3.240715620449887 5.947704992809327
2.400332055767738 6.297030400010561
2.9055059715858027 6.345284290368638
3.058981245135084 5.794161518264672
2.9 5.4375
3.223492030974466 5.480075053281835
3.491681675226739 5.315317031700546
2.7842097086600033 5.712255043439647
3.189773679920422 5.380117675494489
2.755454886820547 5.020601347705036
2.8875 5.15
3.164058561903301 5.119480033528582
2.986795286611595 4.806005997893824
2.915591723546845 4.884840686465975
3.3681180672401085 4.730244757554062
3.0000526816426207 4.64313318631539
2.9 5
2.7439769085886487 4.929711903544958
2.9770183928221297 4.790264764817476
2.678723747120687 4.976156910649966
3.1812782706141656 4.977050136408698
3.248019984755416 5.2009487800569
2.65 5.2125
2.7155051762123437 4.998798023029204
2.1012634249426347 4.99453257047555
2.1829986026456396 5.016465812704694
2.7291742103622325 4.976209180704844
2.4790824331094368 4.546336819009405
2.8 4.5875
2.91356573126689 4.5951272274386135
2.8175088558827763 4.4545160164071165
2.23117148376416 4.625124954369742
2.940422008715942 4.492967417068
3.1906169975070346 4.806450008599394
2.85 4.25
2.5359986375020114 4.053150177757051
2.936991182332198 3.8806552202118723
2.6151820933036083 4.351079008749987
2.945315907749366 3.965829370971723
2.761364556181358 4.501825426025672
3.025 3.9125
3.153920252569643 3.810111227493251
2.633176696651272 3.644779429944068
2.89351938002063 3.76532804548276
3.503849366881549 4.119719291253223
3.384580900156614 4.270168143555217
3.2 3.6
3.253357870960348 3.7495233111488866
3.235442867692162 3.466268628165291
2.9837518724354144 3.922251021741798
3.0651187995531863 3.433166157850475
3.5108100836552145 3.6279634001698304
3.275 3.3125
3.6292423591589418 3.0113217573296764
3.4243162981240145 2.798399781337649
3.381374657286094 3.073830107773877
3.4301332252382997 2.8645998721003196
3.19918380258114 3.2315522835155632
3.475 2.7625
2.993640609239015 2.5831937163339576
3.621548414917794 2.504886241719879
3.6073752917227964 2.6366585017902566
3.562299664466013 2.3379201175152233
3.591575958714523 2.6695429580903123
3.675 2.4
3.8343591808226996 2.3712729061423445
3.8811040578789857 2.747140124897771
3.4608917371282493 2.387156080414816
3.4692725071405506 2.128630818476496
3.521189140266668 2.824498282898469
3.7875 2.25
4.010820702854157 2.198676332715242
4.319627589247262 2.4811486386707187
4.357572176613236 2.120654244728341
3.89386110116586 2.131805671337196
4.221655931374302 2.05827397125186
4.15 2.025
4.025519451429443 1.9919050607773485
4.518464155612863 2.311268125805249
3.845740461599706 1.824842656970071
4.407555376963758 1.8121566420418205
4.376883913993611 1.9234788263052167
4.3625 1.8
4.203006677619622 2.1805543038943016
4.413549104031835 1.7511103363681486
4.7596110485103456 1.8952496799637473
4.3879914011110674 1.7585458766237623
4.602170510095921 1.2840402247199947
4.5 1.675
4.923401186109349 1.747092416632188
4.150271165473848 1.997174832949257
4.38590275463659 1.7524906560395066
4.577795040512787 1.6789587945154651
4.232601254108735 1.733483735596242
4.925 1.5125
5.112046015945116 0.9600916414459334
4.671122843486392 1.49472335953607
4.909302514811374 1.5275707371138467
4.512033752845473 1.2531306670343967
4.945010057957186 1.4789591985013288
5.2625 1.4875
5.126586316855286 1.4430152424738154
5.36549429492714 1.61316228961863
5.305811169872444 1.4263740466382004
5.0835468928948435 1.9056352723614354
5.582144994443321 1.7662043285284554
5.6125 1.4625
5.635233748879179 1.6156315021629708
6.0594469504410196 1.6216193780334365
5.989882017798352 1.4647952505477804
6.144639451983522 1.4202154317805367
5.826513069669528 1.3293845910355444
6.3625 1.5625
6.452677558877488 1.506791477507639
6.644026333967614 1.6704458174694863
5.903548923538976 1.4926586588525084
6.73614227913242 1.1618080339775048
6.793931438253755 1.4141854162022014
6.6875 1.75
7.006887721720841 1.9110869593886606
7.049281750343958 1.6615586061311576
6.707951397493455 1.5119298196801112
6.542939134519474 2.1563314565633718
6.760960467442834 1.2902098626551024
6.9125 1.95
7.052597676005175 2.0054624321338026
6.974998038763412 2.0273558362722355
7.0677204912274805 1.9383534645466725
6.866084931658532 1.9551393766824148
6.823326902181175 1.6579826817788514
7.05 2.225
6.731599066915749 2.1597202343027275
6.591132873185211 2.1039993008753215
7.06118787273021 2.7138514639122504
7.038831893735948 1.8129946851050334
6.999761487398577 2.2436851122401906
7.1 2.35
6.95005955939687 2.8306713789863367
7.109075552117865 2.2424753027394786
6.922962200290233 2.641569286320153
7.353133709567365 2.1050746271050373
7.083470240947139 2.2439727797100204
7.225 2.5375
7.277033263696843 2.9927734210486605
6.966690132466449 2.443676943089355
7.244430896150395 3.2811338476795284
7.342297175169973 2.66705098849622
7.280117615535401 2.4979452957152914
7.3375 2.8
7.31766483589151 2.9295839851788825
7.403667501230936 2.8802493616420093
7.157880459106105 2.9901829960837234
7.401115545608225 2.764480760432029
7.637803996310953 2.393815615001684
7.525 3.2
7.557211574821342 3.31724463511877
7.780504663072814 2.970547669739618
7.580782625345504 3.334974779463818
7.300048779046418 3.5976638494114064
7.835960044681538 3.315611193541936
7.625 3.4125
7.5711775901903575 3.7778420286110297
7.702979510200395 3.7555905244596572
7.50114041424924 3.401588182074819
7.843654183420854 3.605056987727835
8.112163740378636 3.9181063749414973
7.7625 3.6125
7.891399186469583 3.861808579859283
8.182472245097767 3.4972125125124007
8.118955898635878 3.7934703174576434
7.50116655685481 3.648101626486762
7.59700040294625 3.6045656554137877
7.975 4
8.160837111505966 3.94101057387185
8.606166509259412 3.916372627530079
8.335323451172085 4.33525411831785
7.7835273214195 4.343528117854352
8.04955586544373 4.380047856562746
8.1 4.3125
8.479686729998495 4.943763882941182
7.889496728267559 5.125379462885306
8.211718472528435 4.76268368462231
7.956855734679296 4.745541931040684
8.470935919600985 4.707832558818194
8.2625 4.9
8.295524058055797 5.550128286599706
8.385086827251257 5.009241506296919
7.96795514901458 4.974428784327097
8.184295817293826 4.943252751575466
8.284780279793868 5.098970389333158
8.2625 5.1625
8.753378822342658 5.4844007735942695
8.306197904151855 4.683927597815569
8.247784683334094 5.204117681319584
7.809389541868498 4.798613230040188
7.9425072886351655 5.159662957831591
8.275 5.4
8.31420746756036 5.598580919742323
8.373297542753502 5.530768847760086
8.775805478806411 6.0208889937103365
7.902708815618608 5.68672599734061
8.671661485828768 6.107532525513139
8.4375 5.775
8.097430994441845 6.384129777835918
8.790376080203455 6.253067291314509
8.587777105360372 5.545291026988268
8.369410839403264 5.786667221810506
8.95220752118616 6.023768287393692
8.425 6.1125
8.394448952976557 6.189568927137369
8.225659654455136 5.613410540476996
8.423702460274395 6.12440187025008
8.020558725376855 5.7411941081099425
8.535154013296824 5.771404341215101
8.4625 6.4
8.193320682422291 6.286491706127537
8.757990646476049 5.969022944643397
8.327698375868218 6.113806364752752
8.444096519843303 6.347534223251868
8.13287763539069 6.06780688415377
2.4625 5.475
2.421646854801467 5.139225633029632
2.520532319520388 5.298842080773101
2.076860268646464 5.394754848444447
2.457910293800144 5.52213070804042
2.513868374783516 5.488476891356847
3.075 3.6625
3.0395690900478143 3.6987852728647397
3.6030368913816835 3.415177270739375
2.938458639199632 3.300738220825991
3.0491673114618782 3.5382740952444083
3.4447106646800187 3.3958981564403317
3.1625 3.3
3.0899535030470338 2.829140934097707
3.195736718112836 2.8003362750910794
3.5483597635408826 2.8314140539574892
3.4209351299344073 2.7736534097479675
3.3702083373127962 2.6321053163640995
3.4625 2.7625
3.3130859454308776 2.77893783968738
2.945187267403276 2.827633559065285
3.374610212333027 2.0945511471675857
3.279893750192008 2.739912694859129
3.540823485252953 2.697442160875208
3.6625 2.5875
3.4325298509337427 2.801830995875734
3.7719616344852915 2.415460709089578
3.7229589306685162 2.3997500246720533
3.803494794603816 2.1480982510896682
3.776234379829668 2.353858844820144
3.9125 2.1375
4.238466497131858 1.4702631489660944
4.14548632101028 2.1231019302400354
3.890792227553817 1.4681281417655085
3.661100543370472 1.8018708626796822
4.305031853089636 2.166313501027892
4.4875 1.6
4.343885675276399 1.5037086889917788
4.486464517711835 1.4872086152869926
4.357797275067876 1.0977799552961174
4.477045113171659 1.58749834759124
4.393901998397671 1.4589526948586709
4.9375 1.45
5.315887057088605 0.9609200698606983
5.5224873808908015 1.813301622783007
5.265402455491959 1.424467133949939
5.275636146716466 1.2621952397133456
5.329856617223373 1.3413215796420446
5.3875 1.2875
5.0298502338382365 1.2965864741006485
5.369739455802963 1.4035913241674236
5.461563789425486 1.4156862431016861
5.627791112785472 1.736685887865724
4.959977507481173 1.3309845648693255
5.6625 1.275
5.817998772229376 0.975470775596385
5.625223691937195 1.403241041088954
5.671443450566328 1.7373283003581776
5.643886795335488 1.2163073487138107
5.357879835000476 1.1825054080934607
6.0625 1.2625
5.858977896196935 1.2234463646613292
5.980621078551944 1.5687689440954558
5.78561783018125 1.3095680538489518
6.27724850597083 1.1475050610278543
6.189055717733107 1.2609800129702322
6.3375 1.325
6.4445759939724185 1.5360460881418745
6.416285575918906 1.573451241723332
6.801192077690274 1.1413939082300857
6.161875463230638 1.407720994111682
6.221319244977467 1.8167869041702631
7.15 2.05
7.052312736066538 2.153218092096111
7.186303160533297 2.2274167799485367
7.451977004812441 2.3333215426979494
7.524118839754806 2.2767058274376124
6.842326643198115 2.47925478280667
7.7375 2.9
7.381309320195105 2.7314437986082125
7.783784404156309 3.288209990609846
7.725748823909589 3.4254543414826086
7.266658178445217 3.364155489053496
7.808306852279534 3.111336513965914
7.925 3.5
8.027449393037685 3.8263900176037575
8.113077790847093 3.6339266199268265
8.598074569065945 3.579649739748915
7.774159240574988 3.661385913566756
8.109188663705513 3.6332163532953636
8.0625 3.8125
8.469147976730113 4.416380172543335
8.022045284348179 3.459954167387346
7.625376117938922 3.9314034955286425
8.237353335861151 3.966433076407823
8.112648860795156 3.935298023875398
8.2125 4.425
8.62506075775384 5.209952956227162
7.873469407369671 4.637812412653267
7.798876110729242 4.837337854805311
8.723636797193135 4.902441344602705
7.95303343700707 4.803957227934643
8.5125 6.325
8.219836942872664 6.384517903023801
8.665108187061621 5.7997175101934415
8.487913520088131 6.2811087941083725
8.283281267243986 6.797586645849627
8.756480498597051 5.837050972211401
5.45 4.625
5.160718355367499 4.6313477727327115
5.1228379296613245 4.684102370377977
5.385729626727882 4.572860779290989
5.3258349156833535 4.618000496339912
5.458114835106679 4.630853193865386
5.5 4.9
5.5210121820915665 4.9362230232073
5.547759857826632 5.499902824352668
5.232302145069144 4.991774850358752
5.529012300087553 4.955454597839153
5.204527321810792 5.023164960574101
4.75 7.875
4.811812351266798 7.81221591605281
4.804060244370549 7.821023369627332
4.267616969930201 7.720118298057708
5.085190257142199 7.465214535570119
4.816811709348901 7.820529681972833
5.5375 4.425
5.354261272961859 4.2865982785134875
5.803365202699774 4.229754214536918
5.516897589199625 3.87130803230285
5.1467820703965215 4.427443235855854
5.864857158985038 4.672309262495973
9.3625 9.2125
6.9 9.0125
0.925 2.2125
3.075 1.025
5.6375 2.7
0.7375 9.7125
6.95 7.225
8.9 0.725
9.95 0.1625
9.8125 3.025
