0.7875 9.0375
0.8125 9.025
0.9830181923101158 9.026693035823813
1.0006903796105626 8.792652605554823
0.6543728786864201 9.03010327783758
0.854691337803733 8.901596303226532
0.7666796368693225 8.993691198844726
0.825 8.775
0.8149971992338283 8.452742973756536
0.9352061869499979 8.890214130564448
0.8308713859939372 8.65485772742122
0.8050255830662344 8.622764517636856
0.8795262457385169 8.677407681011172
0.825 8.2
0.9580922078652524 8.172196226411975
0.8710180556483506 8.03380222735248
0.8025832309243105 8.119180133096947
0.7500244012185587 8.046819893789472
0.8316595133844047 8.37176816002081
0.825 7.8
0.8236444097598496 7.624113593669094
0.5238503495111424 7.580642158109001
0.8107057169099823 7.335940617238409
0.8653928426952648 7.863927618546096
0.8138439034346918 7.648033548864714
0.825 7.45
0.8188601598524464 7.108893551305061
0.8306997286615065 6.655913315684694
1.035859044472241 6.80807883027691
0.8532407506932438 6.798619263568914
0.895559012693119 6.755149463636533
0.8375 6.75
0.8055880249024101 6.859246936988363
0.7700027697024432 6.668823345596643
0.9335784963747591 6.7465233102113515
0.7257008391320008 6.957997127204213
0.7682875538506171 6.50241040691391
0.7 7.35
0.7218245090439765 7.378977169677162
0.5489370519465686 7.095577316425644
0.6603407427785664 7.581707223616247
0.766365927153738 7.435150682779773
0.6673764025252815 7.471758278165868
0.85 9.1125
0.725587571784994 9.114617904608284
1.1085519371308756 8.970369124412736
0.8605727299584007 9.22690359146936
0.9017157376601592 9.29571114230705
0.8651088401305905 8.931254087915516
0.9125 9.1125
0.977143077255521 9.132758363834439
0.8516967467221445 9.143261423776963
0.7132036634012422 8.939991817214732
0.8613676647099673 8.94973509552231
0.9218175099935546 8.961888614323325
1.15 9.1125
1.4261408112883855 9.061543015608644
1.2683591610340206 8.81828761689773
1.4565237610080433 9.067270979499522
1.4675392781932726 9.048434977189402
1.4622970389200254 8.996523774878987
1.45 9.0625
1.8448347695245204 8.987892972964623
1.8400174542254994 9.077725894755385
2.0853414896959572 9.157276867975856
1.8284115768550795 9.09617257538209
1.7163951036843268 9.00994543910262
1.4875 9.1
1.6493257247748372 8.928978881859729
1.7244214463261809 9.085847640338786
1.7587056028439263 9.223520702200457
1.7918340709372056 8.870926861045215
1.8965113483984926 9.296824965034551
1.9875 9.1
2.2297145840986548 8.986791551104085
2.2894931193426467 9.107139293243424
2.5005601867962697 8.852595505230962
2.1369567503199454 9.27293130291316
2.0641499781419195 9.208820290547056
2.4875 9.0375
2.835530359290203 9.086065096635107
2.984563132254007 9.113175899166848
2.8229967472625965 8.859813600808112
2.8571483540827467 8.908809830233846
2.9060160013331484 8.979865420061312
2.9625 9
3.3113828757086785 9.188282425759649
3.2160088022382416 8.79866981457574
3.066252981657388 8.940555589527486
2.9981100904442632 8.888737553937457
3.1068878307636227 8.987995536262824
2.4875 9.1125
2.2918374043261323 9.014972975254071
2.5844873342044896 9.213300017165215
2.703187601682346 9.374400307707294
2.5113688724864893 8.959991649905039
2.516405967222367 9.406571480437233
3.45 9.05
3.7818234080480044 9.196660435009436
3.3234470341194076 8.810903871019468
3.563446782375226 9.300436404009627
3.3388375800109706 9.304943540079702
3.59351773440597 9.067797470407776
3.6375 9.05
3.695255265040287 9.08704905267361
3.8447575972948327 9.002100792951776
3.595723837155108 9.159452706472363
3.677395014114233 9.263379305254876
3.7047966374525614 8.986078747516087
3.65 8.875
3.7972461956788286 8.689059291108595
3.6603373498614475 8.871416356546337
3.3874800493205313 8.689440116025736
3.420909729035423 8.880888546993786
3.6960164383262883 8.902984089800428
3.725 8.5625
3.632635356998229 8.781438000339032
3.600494040145345 8.39964742330201
3.801783562886181 8.737263854355586
3.933604891289525 8.518424940314311
3.680510277523114 8.512693144911726
3.7375 8.3875
3.8017324864496076 8.475333749917208
3.6351691254593232 8.227332980031079
3.744907001348335 8.325262477084937
3.4796859823298947 8.36700390384871
3.67154338116064 8.366373906688674
3.7375 7.9625
3.6176588437654 7.946449934527074
3.5958628007231903 7.9326094137197405
3.833825115805287 7.82794267420738
3.63768681542904 7.613762752064264
3.669361429258913 7.867732867127664
3.75 7.7375
3.675832976672381 7.438474320027924
3.764237566832447 7.404339096202672
3.465275882218182 7.4603473335812565
3.5265116616312886 7.504607468172894
3.6617506919883596 7.2137837913791385
3.775 7.1
3.559904207397552 7.1342952659617
3.9596849141463735 6.987639637514758
4.018356541415314 7.072309181362021
3.627127655687493 6.8300565365331405
3.933425540548882 7.13766879587178
3.8 6.8375
3.535461927876071 6.714596291681315
3.6445371858064357 6.783380963080859
3.840618951966042 6.797722607621319
4.0236608566775285 7.016802155333363
3.781637847455971 6.848044353748174
2.1625 7.8125
2.1680972896633937 7.826597144478844
2.0335887896185514 7.843918634699191
2.0680675945727764 7.879095884444439
2.2193950612696605 7.944923067434002
2.155457740091749 7.7624858710229745
2.2 7.6125
2.2097488488830277 7.404684681519396
2.1531585610920865 7.41944013365495
2.1980901138180586 7.324898973453154
2.2263424882919045 7.373128627172359
2.3162073560485426 7.575525558899376
2.2125 7.275
2.0452328510305 7.365707228960391
2.1795041836024005 7.304252295741369
2.2454214236585375 7.203386082459646
2.431298077178604 7.292819047488162
1.9642501401296446 7.3094961901729905
2.2875 6.8875
2.3260947808963266 6.8256290526004815
2.2127121346104315 6.98887252921848
2.48914191877774 6.792085528517125
2.2995902545942966 6.823912913544919
2.208520928424657 6.840354752220574
2.325 6.6375
2.321603050277263 6.587394384456021
2.2731483442131304 6.6036960483672145
2.4455879072825186 6.632898794221544
2.50506692247005 6.688189326148951
2.5237031963743357 6.67474649238852
2.3125 6.45
2.419912013411151 6.419667487656412
2.317787269708343 6.091808417615315
2.370821669988838 6.390926275515128
2.196905375131232 6.609795596461327
2.3093430518657403 6.403240867714382
2.3 6.0625
2.260828855939891 5.9408386259245916
2.2959024034971187 6.060266334362814
2.2963757647636887 6.020113546255274
2.2074303659720025 5.871883059041571
2.1840810304389238 6.232289109786151
2.2375 5.8375
2.2427320515457114 5.499379420200627
2.2747375242547316 5.670570882778801
2.0513610895054017 5.8355894176537095
2.3581867750232597 5.767384499857639
2.1792946208904813 6.051146041827953
2.275 5.6125
2.4819817969347144 5.459724285578934
2.2832850182485473 5.460528273939157
2.3739029081134797 5.566449047379061
2.2770740002947654 5.541588298359779
2.3551631042328856 5.415443914371428
2.3 5.55
2.2274891881931387 5.835217314035491
2.0370084215649404 5.501340602380242
2.3014765949850045 5.555861523157931
2.290841808541299 5.528450095750571
2.2892713681049552 5.48774598082103
2.425 5.4875
2.497974410368606 5.5026289158256345
2.3097409511652924 5.622718739509764
2.483604662444741 5.497019358682028
2.5561919309945105 5.607149244405498
2.277094314451491 5.43783422823614
2.7125 5.4375
2.801431549922447 5.5043979455710765
2.9015787304994602 5.450091620670149
2.7755358889620156 5.169662172896574
2.8229850657441995 5.521882305397691
2.8448377884510694 5.6968326001730825
2.9875 5.4
3.0844623506477626 5.355044765155903
3.1247592344122825 5.319841610708688
3.0007012067068355 5.405794873806964
2.9108730084288816 5.60110538479666
3.1299529589587056 5.514966310298806
3.2125 5.4
3.4652074315163732 5.167864997821716
3.2637912937524822 5.420085241058007
3.380533908523953 5.378889035633869
3.230097622138051 5.492661325264734
3.3787350645570426 5.472677831048513
3.8 5.4
3.8150564692435367 5.350450469325406
3.7421042616809563 5.306056799847599
3.9106906348837747 5.331269727718835
3.8738979886358678 5.4200139800032145
3.6931660874344594 5.642194853086002
4 5.425
4.475735006116903 5.482805354900976
4.438562508557447 5.238723814426106
4.355694087656511 5.705344846920992
4.420199707419866 5.143809402990341
4.6338642723822945 5.182885658598984
4.4375 5.425
4.54364896873046 5.419639449476897
4.551342033909021 5.442146498189553
4.455259490966446 5.569129026245781
4.618013991114122 5.5339485608841
4.610455121576144 5.658105179381021
4.2125 5.4375
4.269740188025558 5.388739209707255
4.390938382899071 5.476247035617357
4.034555423156342 5.559005133608627
4.225376357807326 5.440137433618434
3.995277369062651 5.2668351865759675
4.5875 5.4375
4.626501204485769 5.22032747110782
4.925667278330385 5.66460019350871
4.797180489234143 5.457154581123456
4.76527557644637 5.46920774712275
4.796863042759363 5.7445903300761625
5.1 5.4375
5.307317876703469 5.405577413318986
5.389786793487489 5.4337638799567936
5.128976674958513 5.451564220848889
5.313320036550063 5.581180835113101
5.3285897103795765 5.391247257178824
5.425 5.3875
5.3554673373671555 5.098458205288049
5.716476322730413 5.330140023328495
5.444026030994881 5.1990726186150535
5.19471782668817 5.364152642864676
5.569573898529844 5.138044936332861
5.6 5.45
5.604678729650221 5.413298210393899
5.570348324440548 5.266675843474298
5.654666613697428 5.442606964990185
5.6011918622086485 5.539849494442507
5.5395000277538475 5.577743375541181
5.65 5.475
5.701569283371643 5.5195869055594695
5.7404815138130365 5.502909523939905
5.6331054557467155 5.703323560998249
5.707771542606009 5.547182272618359
5.657356137222523 5.42832865728068
5.7 5.5625
5.695842426140109 5.367458771687641
5.85257483388955 5.785476473067311
5.756616323261828 5.62101006002697
5.695790509597158 5.872235605216133
5.7649520469121365 5.589275740856051
5.75 5.6625
5.59520065955479 5.783750797663879
5.669731507098438 5.931597524927627
5.834448317633191 5.90614043574433
5.707450633693304 5.795721263831093
5.845472195085973 5.5203775275796945
5.7375 5.8
5.614575017550655 6.0397917414141755
5.666163986855141 6.3133020066296925
5.43412122434926 5.995547149027891
5.388644251123418 6.04929528294391
5.942905199677776 6.090031950014242
5.6625 6.1125
5.905062919507816 6.203261406887488
5.586983433565814 6.310173977050926
5.8000867223523365 6.25438773543962
5.647814332601838 6.392841959723503
5.650555877467734 6.223039871232187
5.6375 6.425
5.854192408772283 6.488226007322838
5.739786568460517 6.663694921881607
5.627763008713642 6.616939731287358
5.724026541415052 6.658456474924573
5.639174762524187 6.372638960335054
5.6125 6.625
5.620883290698984 6.725067993590089
5.512023386076423 6.601436817714898
5.857508554516311 6.870807170132887
5.58285675051455 6.78315068017695
5.897259148808862 6.6522041828693945
5.6125 6.75
5.639959221093103 7.028450525758117
5.708725165305129 6.780479532434944
5.564583542243023 6.825615960756783
5.651673054649229 6.892799832364638
5.560309213691179 6.7874903316365875
5.6125 7.0625
5.613828345095264 7.31465656596949
5.732930148518386 7.200022122568592
5.570793703448192 7.1437565931107185
5.279705452673143 7.237572513862361
5.410106451319889 7.192311843831246
5.575 7.35
5.326640960745405 7.2538138782340695
5.697418932488526 7.099462257544465
5.540343475618197 7.652908846419221
5.451915096591319 7.587031413704859
5.5870287533052245 7.607824317875826
5.575 7.4625
5.591790111995543 7.5756616824522265
5.336373594600056 7.748671139977503
5.626696235752577 7.640155597089169
5.327802630079317 7.588459177727756
5.5864480460792425 7.6178738089621465
5.575 7.7125
5.54642813379667 7.741643239732125
5.580721720999206 7.791874786112513
5.4734544862525025 7.534598004606281
5.517435071251719 7.677710781652577
5.434436148880549 7.728211226165074
5.15 9.1125
5.468690119845201 9.072776517856127
5.209311387553103 9.120442526141087
5.046169868538849 9.055970835656819
5.2612865184346935 8.859519005746357
5.196033178725163 9.029385842022872
5.275 9.1125
5.472825015207766 9.066852741243567
5.643450274492163 9.14604484202199
5.659570207416552 8.930230447649848
5.213649365401317 8.935721387282562
5.662547491543719 9.326892431037923
5.6875 9.125
5.810143176384403 9.233450699998597
5.830498869572479 9.125329318324948
5.698495005920142 9.093027375854291
5.680259130027712 9.335346366153638
5.814282806845913 9.06135758329442
6.175 9.125
6.107337197345399 8.920319105239
6.294276861889706 8.978599664007868
6.283112804112152 9.007366676121501
6.128527507836263 8.983420901401704
6.257199026952145 9.132888833459262
6.2875 9.1375
6.780439496266199 9.253386282866135
6.823103615072031 9.189626907089346
7.031813376017999 8.941490137294853
6.732721197148019 9.139929063189108
6.909170214612824 9.190908152090376
5.825 9.0625
5.9095801045048235 9.044135601781985
6.0100689163112895 8.992104365242326
6.05194999299623 9.140008410160323
5.889889420554926 9.107587134158324
5.889579314766648 9.08659311257919
6.1625 9.075
6.507694193885707 9.06845606930612
6.434636017998434 8.885136145298363
6.271674995323093 9.087568221587238
6.5401656624329565 9.199558527832977
6.172936732218392 9.085672979016486
6.425 9.0875
6.465005746946093 9.240177031437351
6.646468362994993 9.04632828470726
6.622181333109117 8.95895170056173
6.552057775224777 8.942165224534758
6.636815721028943 8.969802091665944
6.7 9.0875
6.771457863315327 8.856171441034773
6.865865468862706 9.047687273400154
6.91588924173499 8.962720845270223
7.118498194543106 9.240718221533992
6.74128375952129 9.019506102053096
7.025 9.0875
7.393233032447324 8.972664631338358
7.372370219960888 9.220149559702703
7.277980897772953 9.216898299148543
7.220507074296984 9.366407654167372
7.615359016058524 9.232648040131448
7.725 9.0875
7.785505676132797 9.010054301455641
7.775442391273964 8.990893276000843
7.830615912280247 9.117494924302454
7.773737432803007 9.085193263023669
7.969032322345287 9.10153804804184
7.9875 9.0875
8.07442833657938 9.126369472387736
7.9085840328223345 9.109091715739478
8.34553218034761 9.15469220401453
8.180125943531218 9.283994733336048
8.139083141376437 9.162147167808643
8.1875 9.075
8.105760130023002 8.869759043191687
8.539939428009273 9.062702816660307
8.269368982417975 9.299415220366852
8.337655067966134 9.039658516627945
8.091851997033302 9.105376965122026
8.65 9.0125
8.43885652589113 8.935205341154036
8.6830037913378 9.048705896599795
8.662478923712232 8.94180984777758
8.764177025816831 8.948907027079565
8.595690656919377 8.828016734991422
8.3875 9.175
8.43920270830541 9.076694554678712
8.747422384393897 8.980863674509646
8.66096062184149 9.334972439327633
8.56963653578305 9.177409942564585
8.71588049285596 9.231851566208126
8.675 9.1875
8.697154364552713 9.20659738750778
9.00385908583431 9.26438835056587
8.61223776080294 9.15025613333641
8.718488505044384 9.1750921086625
8.789178247953787 9.039436343191966
7.25 9
7.176432169761537 8.905432656141333
7.407772340348595 8.750513402626783
7.350524643860863 8.778210466476457
7.512333186253812 9.065949751739693
7.432086145116019 9.07952685359696
7.25 8.9
7.3580175357155895 8.763991183039181
7.446743182036625 9.042484663635497
7.266282207824434 8.842849540503817
7.5058006917806255 8.809108381141156
7.434269569689915 9.003974468990112
7.25 8.825
7.287578165995134 8.763865597778075
7.257426379121364 8.805999638731706
7.2362097935033045 8.683343194380566
7.324132141795178 8.512833698896461
7.175563941412937 8.893179729146366
7.25 8.5625
7.172496028913345 8.594396674833146
7.235886788650187 8.477289110170801
7.0983067429707365 8.403654288365013
7.4648173850532755 8.316272563040366
7.232437540531893 8.614374471240586
7.2375 8.2375
7.243098049145185 7.899588636802667
7.288342634307215 7.8359949346508015
7.281202527704616 8.107730947046514
7.334704659072797 8.06852054601204
7.268753047672375 8.100236888633345
7.2625 8.0125
7.325589904904932 7.77433215253775
7.321662837338728 7.955971583847514
7.178304966484835 8.022464073847729
7.117843941134465 7.715307939838543
7.2969382527868705 8.251233677371694
7.2875 7.8875
7.27433935319097 7.813146431794344
7.299028148139246 7.534045802498004
7.529671676367703 7.825139834283971
7.330264562512966 7.759858012477364
7.587979441415252 7.8167526425672715
7.325 7.7
7.44217061487042 7.512443722822404
7.4422703285301255 7.585554888419557
7.100489635536019 7.4783392603998236
7.365507133773936 7.389498923663069
7.4537400917396806 7.577423256085953
7.3375 7.3625
7.124265730670272 7.3107844535182
7.2544348751111185 7.207956808136338
7.20143557785852 7.265024368690694
7.31150134492857 7.201561788760978
7.072241288142614 7.31708839233355
7.2125 7
7.226337524092067 6.982469314040754
7.2638667596056665 7.222250270820685
7.197798377105315 7.160984910616392
7.3347074219704895 7.111554426149887
7.181402208708684 6.90669240985293
5.2625 7.7
5.138332317128039 7.548432710922283
5.511936089684684 7.717964882164644
5.429997866753134 7.463423492973485
5.368042390612957 7.529142815020867
5.346479921176234 7.709425891076236
5.4625 6.7
5.4495832441419365 6.836755230165056
5.440212430495897 6.673311466421279
5.518628512819839 6.494967774697079
5.411643831206428 6.646722898160604
5.304293976528935 6.476543369668951
5.4625 8
5.401279525312281 7.968184433752761
5.589628995644658 7.91626717343988
5.501699796497875 8.172102316934373
5.2619881655265575 8.066286945752557
5.705075184709898 7.849700249350242
9.025 7.875
9.221134928557705 7.82570251883852
8.987561715990704 8.041914468668779
9.105325092647448 7.930459247518944
9.223667242445524 7.911001206049647
9.053634550817161 7.902710478182695
9.0375 7.6
9.242202746328879 7.5537149596731155
8.946528864022635 7.382004847044269
9.063964292007913 7.492316805632382
9.143637286180157 7.481922317741791
9.280476258748054 7.343734328235233
9.0375 7.2625
8.83714605063866 7.060972287118217
9.08619025941974 7.0805589985887725
8.982478016627848 7.206796011198766
9.036916570581216 7.13720453442969
9.064007152758666 7.38593456777353
9.0375 7.05
8.768213769672453 6.842588596639644
8.955742283928013 6.885233944331555
9.188735463145573 6.794945796915971
8.955084031330765 7.078434646951955
9.20538124023332 6.7520954931989055
9.0375 6.7125
9.066364408955904 6.850724814809988
9.048421596007454 6.558843417233071
8.985916646210908 6.491184088708769
8.931331406294198 6.440899725687447
9.23055335649348 6.707749762427011
9.05 6.6375
9.060172465457537 6.520393884865048
9.187054556288917 6.276458456250092
9.071445171327365 6.548448130559703
9.099813699158043 6.7741537835545245
9.025694205825406 6.50876784994342
9.0625 6.425
8.910818952613242 6.367836593849975
9.070498208409106 6.350498115019648
9.123933831584534 6.528743074961396
9.356409228085026 6.398058468383603
8.988203965059704 6.493028495814537
9.0625 6.325
8.851723813168272 6.183151373701735
9.178734683724056 6.317755135454521
9.068609865571117 6.249626766708209
8.935220687106279 6.3032765576591725
9.21145285221746 6.115113551992197
9.0625 6.1875
9.107100478928746 5.951913421208089
9.210508601721248 6.284535864909566
8.938226756892247 6.292654856419909
9.291913343202578 5.833592421789191
9.173794726940836 6.261372047856148
7.2 5.6
7.210343877076063 5.496375215969403
7.220591232866072 5.615796072366899
7.454947572133773 5.6321849310308485
7.354912452484342 5.376426929417322
7.199033665322135 5.557005667150974
7.475 5.525
7.4486556527503724 5.504997041585072
7.564322282772677 5.777502681884366
7.368989669968954 5.302431231724597
7.606687161551845 5.314747786805492
7.686583720188919 5.729493652120604
7.7625 5.525
8.025667192854522 5.525149540792213
7.9845297204127 5.735309947673441
8.199993991402234 5.67022038110332
8.1462994007402 5.4374510734936505
7.9761064611708274 5.402428555978729
8.2625 5.5125
8.29459762263841 5.494478138500765
8.370678342058312 5.596269344665687
8.061188905148672 5.576222203047397
8.390391879775018 5.688137369843815
8.53290678471386 5.713516769254342
8.7125 5.5125
8.6303473749534 5.536818298924632
8.910792963883143 5.5796623285877995
8.7644259585168 5.493905346757954
8.717401225661686 5.57748770947541
8.494264229595446 5.624907612875914
8.9625 5.4875
9.155988958195033 5.690884419401618
8.905448191634148 5.239050281596746
9.088911708529423 5.56256499831431
8.979504760376376 5.721753550567296
8.80062206648476 5.6227472244797845
9.0875 5.5125
9.124748212211557 5.644438597194296
9.171334581499341 5.440280809586218
9.101410535701971 5.5641518450972605
9.35353886668368 5.4150465489722945
9.299680202024579 5.316236559251696
8.975 5.7
8.958113765815941 5.922611557276007
8.75561671481033 5.717833651401318
9.063974097225055 5.8351895570966965
8.934090197408569 5.736880363672496
8.827211363947274 5.753489799871632
8.925 5.8375
9.014344938185117 5.846191139155833
9.061453253887752 5.680211047142947
8.658714955168133 5.9586714962019895
9.180182780516724 5.828717623526384
8.850104264765536 5.581834299330206
9.075 5.3
8.975975865702079 5.365897800246083
9.054152114239903 5.266528596175274
8.96810324549487 5.316972209034357
9.05075340012829 5.141267391470352
8.872844945064472 5.051566662604492
9.125 5.0375
9.059001251881217 4.632535840973153
9.049453282581826 4.841754678917449
9.132397843722444 4.922216590508525
9.134806053885121 4.857006095284625
9.163843910945953 4.825131549726679
9.1375 4.85
9.029444173260318 4.603714907602661
9.152851573398339 4.83632575178688
9.368794020749123 4.78827237343454
9.16002052570759 4.807595547264123
9.319696775345552 4.991014206718541
9.1125 4.6
9.100158032031711 4.290067546925695
9.100903744730998 4.665514640544507
9.112235034183561 4.537852306079122
9.229122511177822 4.43081266428958
9.087661905783921 4.585439059579479
9.1125 4.475
8.984473174072392 4.368874254695094
9.085930137568637 4.402952185604553
9.203213496898744 4.191839802640026
9.00425005672579 4.529413484482455
9.049574944749894 4.314176375090422
9.05 4.2375
9.077383755581867 4.262092980228321
9.128290576993795 4.328601485336149
9.07967969430781 4.246702980455088
9.071347069129866 4.065044157540214
9.070371083282602 4.086309826379688
9.0875 4.025
8.996251638985369 4.144730862919462
9.075776445178352 3.9650663885229642
9.151461412745373 3.881459367242948
8.864734922698933 3.778620348357959
9.10735623746904 3.869115810064387
9.1 3.9625
9.327873820650456 3.601020992093178
9.237965544463085 3.441801016115511
9.160177803403858 3.5831965413713576
9.184735874375221 3.6670913301090096
9.154381649165037 3.6218357131420165
9.05 3.3125
9.243551977526366 3.2062936505988104
9.092661961499523 3.3605721171938567
8.994563162674224 3.078808453428272
8.879229712581004 3.3467835761803157
9.208542025740693 3.1050746903007194
9.05 3.15
9.022765902976769 3.213455329262267
9.086178675911466 2.8604909516709585
8.754565981976901 3.164467858376196
9.070212668785121 3.0054816196188083
9.005073212413748 3.1137686313644735
7.7625 4.1
7.897442258643835 4.027594425573742
7.882739057609113 4.196298573615965
7.689502335820225 4.1436447959827
7.667516009392115 4.298080709158831
7.802913851498483 4.317948923282666
7.525 4.1
7.343312177848356 4.165254201472431
7.587757242442848 3.8852914953743394
7.393589185681096 4.258154277162948
7.243582816760257 4.201997982382709
7.640405014994386 4.058919359670171
7.475 4.1
7.23166625061517 4.169939716033019
7.423619708011799 4.1462664121096875
7.154515258804433 4.258840655903615
7.4077384828906165 4.197220350678135
7.390244200340769 4.113545686699159
7.2625 4.1125
7.241579193716379 4.344651500349859
7.372949933770682 4.09669085706436
7.3049274300359315 4.018476723581687
7.159196450835678 3.88832523452107
7.156337156689538 4.312006977582985
6.7375 4.1
6.339722371645707 4.122537436385415
6.3288579057543375 4.294267697682153
6.623837547315491 4.111423506453047
6.257030142025058 4.054555678197444
6.229100057830266 3.9867703651769206
9.0375 2.825
9.000784426611098 2.782728072284145
8.727561895516109 2.814003623092428
8.72350919624393 2.7200470185557677
9.01595560810092 2.607975186972253
9.130824363382796 2.986412062944173
9.05 2.6375
9.099089259960264 2.5493927734456476
8.815792154824049 2.4091006261692782
9.181979486385979 2.5030423442014396
8.978189450565239 2.6937764668196507
9.220243604921219 2.5412922922381087
9.075 2.5375
8.989756114629234 2.36709227114216
9.1149603192944 2.476138930090302
9.0209478380498 2.3333928538897695
8.96608346401659 2.655405327174891
9.148877552875195 2.4494462140246656
9.0625 2.375
9.118075603513528 2.4917712429357577
8.730018346243458 2.386772284853312
8.974383295496509 2.4867780110609075
8.95908285479678 2.637856496555453
9.029419746176792 2.381926237722021
8.85 2.3375
8.881826063463272 2.534546417056545
8.753546313239761 2.4560533607069646
9.022168199153773 2.208322351269223
8.94236242001433 2.4579626605362406
8.963937846190621 2.2383673338784447
7.4375 2.4625
7.493637150421796 2.359055259919687
7.598138202120948 2.2665437989962585
7.570315922912707 2.351239558046224
7.412160055702181 2.429230148766345
7.487424775378573 2.713088699992548
7.85 2.3125
8.052621028492947 2.320595331915733
8.090899254107098 2.560587123937043
7.836498250861462 2.524678220548566
7.999126016313511 2.3310917333681758
7.8466438316133065 2.4761067461255593
8.075 2.2875
8.05378573382558 2.4276429219436806
8.071697993757718 2.200190489033331
8.25415325011231 2.2661567035247203
8.046575927870265 2.305223196339024
8.227120234414384 2.036734281568286
8.2 2.275
8.654932065471126 2.3710976737040426
8.630546643700452 2.3709750192129833
8.484666037384365 2.1730545325949806
8.403696437976198 2.239875286345229
8.34377908516211 2.2664422597495077
8.6875 2.2625
8.669615874389486 2.46050030009401
8.6179408514309 2.2439771938367983
8.712652382373737 2.113800947980333
8.625525826184669 2.220750356597384
8.41463459379715 2.217360958330515
8.9 2.2625
8.839698159363852 2.302481464563391
9.05884461651768 2.543783929583552
8.962957457749557 2.262298998738656
9.263610490467288 2.3187444342076815
8.952256128477076 2.2603150081463297
7.2875 2.175
7.568871201012028 2.126369552078869
7.3376936420996355 2.185583099492317
7.496592089882844 2.1873404369988605
7.374287961912094 2.203566592524426
7.478014793585207 2.2087304417035085
9.1375 2.1625
9.11454710941414 2.1402417018165765
9.360473205047699 2.0657938982296655
9.27771019473319 2.2494328477447736
9.03192530162636 2.3117050138236848
9.28886374470783 2.0023346589676647
7.8125 2.4375
7.590078875615821 2.359919744772449
8.03820985912659 2.375020892455274
7.991994684756513 2.4688413635694415
7.872456818416936 2.32924296320368
7.785885298561593 2.4992733818764634
6.375 4.05
6.20291971817861 3.901202684526903
6.122772782161446 4.328496623636187
6.267073433175812 3.9670527632873833
6.24898752240368 4.078194760699245
6.001836928977701 3.98382780077264
6.2125 4.1
5.939888387349835 4.076618180400914
6.421965645069015 4.15083919191588
5.997318448101597 4.3473732199516
5.9481334133607255 3.917811518425512
6.289408295155722 3.8780816199879595
6.15 4.0875
6.143556872968727 4.060046363862036
6.16850642024577 4.026727498379937
6.142895906255153 4.0881380618398095
6.386605997005652 3.8873276143859377
6.1381279476243105 4.227154791205672
6.1125 3.7
6.177913903737151 3.7825380001697093
5.916263579513539 3.830068237570024
6.108132879258566 3.5665292340982475
6.015340334421589 3.625210923005099
6.109571169101221 3.7928332167864527
6.125 3.3625
6.369502324130906 3.228120074697813
6.418726491911498 3.279139255376509
6.378277181405958 2.9633190158303764
6.2505764297243935 3.2434751975687903
6.087189663027947 3.14953310315981
6.2375 3.1375
6.217848834929064 3.0663640717082843
6.304186353388927 3.389229289398125
6.3336497889052605 3.2240362971987677
6.2840252045306375 3.35361353522847
6.275914336150833 2.9541173695158607
6.15 2.9
6.236686829988661 2.61925994060185
6.014629813454546 2.8243405262857806
5.839118543817572 2.770675747407485
6.029867967311424 2.6925047675114895
6.061839492955033 2.586348023957824
6.0625 2.5125
6.18490959498852 2.6034153677842924
6.268653175523854 2.3516034762026323
6.024101890579718 2.4672858562184885
5.8712032614268805 2.4371561294117243
6.1796188042405 2.5016730205857103
6.0375 2.2875
6.061775140448618 1.9486697558855468
5.957426140552672 2.1239598660950407
6.038456272470664 2.159657924115193
5.93419979848162 2.1181477582708466
6.024337807019925 2.1706491173882396
6.075 2.0375
6.284892084769764 2.105215479040153
6.031652041624161 1.6606462381013158
6.234263014299115 2.0757421382524712
5.977959531237962 1.7589794477600236
6.028817263615354 1.9100800861217722
6.125 1.5625
5.8604975752402595 1.4855722685456811
6.20003554830649 1.5988351181998879
6.1855370720792475 1.5107355101716977
6.163266509015996 1.4113145880269329
6.0972364090446485 1.4786677598475961
6.0375 1.0625
5.890366422353213 0.7929730036338029
6.045363443611952 1.0186879952137686
6.0492322374444605 0.8147153715771367
5.837942614414404 1.1246947841235595
6.018006864805988 0.7538210637664804
6.0125 0.8875
6.017792954678371 0.7474412525383969
6.190251194621586 0.603765882657268
6.066314913142889 0.6995758171877497
5.901866132399601 0.7333757746016317
6.313538748807342 0.8820474044821808
6.225 0.75
6.25039633564594 0.7503841298298596
6.527039082778495 0.6471369401700244
6.425536583997838 0.9684478824059226
6.168587377493782 0.7558950521737273
6.415660857237687 0.6479424880356902
6.525 0.65
6.506401000189038 0.636400526723125
6.325788829219185 0.7843683979632203
6.542911302647774 0.6229845332942489
6.272692357874453 0.75415822925913
6.6203636477828836 0.6215053783132831
6.6375 0.6375
6.566543755801492 0.5204107701163082
6.623805351179541 0.6566015993937597
6.5459960937086095 0.5913763970488546
6.605927912133924 0.6097209928954868
6.735385454213629 0.7393231443667503
7.075 0.6
7.182590777909438 0.6469106304880896
6.958683829040969 0.49549906117181025
7.114351716269235 0.8114523320725724
6.839166079908378 0.7068288857892882
7.369440433119843 0.5081207171153167
7.1875 0.6
7.449118641873153 0.7966558992420957
7.564457286380521 0.7542841133241225
7.560708251205152 0.8235069939129402
7.388539425865721 0.6092199111049652
7.35309800619481 0.5835805721440934
7.5875 0.6125
7.794523612379507 0.7812553392641206
7.642812136123919 0.6302454068100701
7.726244592428192 0.5943177786233562
7.564228909320676 0.6735610539296261
7.593106423438489 0.3700726217031544
7.8625 0.6375
8.000908648899149 0.6786914525146373
8.146737145111071 0.6680073636793822
8.189773367226818 0.6281274537676709
8.030258532823677 0.682605498633454
8.072720941589107 0.885779816707472
8.175 0.6375
8.252018364688162 0.6494084831061784
8.252473977205664 0.5643874223326222
8.404089178701945 0.8611509456060332
8.234460190792069 0.6494672529062442
8.279146234483962 0.6187790639345536
8.3875 0.6625
8.382088107656378 0.680697689828665
8.41841647059875 0.6437869072389745
8.438483835685693 0.44116882654888057
8.257146465788892 0.42016230178149955
8.334258959105494 0.4014767120075987
8.8 0.625
8.954282193673974 0.3746277265028951
8.939252952370191 0.5523699048298795
8.88335509654895 0.5823200423858808
8.818368186035585 0.6403003643479395
9.072719514262753 0.55521470415906
8.9 0.65
8.613138348361177 0.7666534261086596
8.916936494073337 0.6607915827382229
8.906521717680072 0.7197372776058174
8.976331118745488 0.4352307333685843
9.01179119496857 0.9207959379356183
8.95 0.65
9.347616093517013 0.7039888664511196
9.345791517167598 0.8402091874172755
9.013716783170043 0.48552513734440905
9.224399869074993 0.6094224447791021
9.156133575418737 0.44525300348709607
9.25 0.6125
9.338647731824238 0.8457760915152605
9.194572827601595 0.7989979420521423
9.351591162567017 0.6911173484899095
9.383711556746084 0.44405990058509276
9.320438302398305 0.587916189514894
9.3375 0.6125
9.074894225110787 0.4355502021111917
9.276117213594452 0.8679314004597473
9.199729397453144 0.8648443026829838
9.282944361867205 0.8551092001588458
9.199392403389684 0.6494255284507802
8.475 0.5625
8.301171373236253 0.5763381064643852
8.22543051625991 0.7704661779332695
8.417070158931605 0.5749265528244649
8.515103601125926 0.6570511757868133
8.302739315378723 0.541282922419495
6.975 4.1125
6.998860906816025 3.9391704480184844
7.0020204468394835 4.102546526778603
6.9975813308183135 4.048766991327712
6.959531378063278 4.008956478742467
7.259876617358013 4.121169050956629
6.9875 4.1125
7.18176676362656 4.195634802545113
6.956711846529705 3.942269040653649
6.876409100840846 4.237913364596765
7.119000044580879 4.354274374986611
7.084018558803538 3.9803476712843113
7.125 4.1125
7.097769222955603 4.12245704278732
6.97789014663203 3.8631625798651137
7.210619414963465 3.9539901224498486
7.183632275178236 3.944063559581346
7.148999277661986 4.104531503904171
6.8125 4.1375
6.557036425205746 4.164051177999903
6.498550281485182 4.08437231472608
6.55145170851372 4.052770542416827
6.657479907752304 4.379329135819564
6.628639957882642 4.136371951587386
6.5375 4.1
6.472944762691753 3.945923003577211
6.534994774732139 4.087653157077351
6.304573946301871 4.2240306495802455
6.4160152684368255 4.351141665784251
6.551781323711092 3.966888357624554
4.675 4.1875
4.633362292602483 4.193275499622137
4.667073197746918 4.212789973669155
4.4802545757674315 4.310409011804422
4.570781516171579 4.314503694110075
4.717813631868916 4.483165706097581
4.675 4.1875
4.778431967352267 3.982986041720737
4.426769930005231 4.137757713791822
4.524663484456814 4.220779669324647
4.747994584197118 4.176904535639381
4.905247350155808 4.2708203390988535
4.65 3.9625
4.808535667520616 3.688624161039807
4.7404827120186415 3.908208883436688
4.5634140407811 4.020984875759828
4.597090094626319 4.218164496573782
4.5775646064708795 3.9296391195852443
4.65 3.8375
4.639759292408607 4.047165360130746
4.709400738031141 4.008740286770048
4.4025482530838485 3.6707199339504997
4.417276543475858 3.756376133563966
4.8417489872048 3.824923440606631
4.5625 3.6125
4.528065493997692 3.861092913392708
4.437753694036236 3.658713302531427
4.557044459126375 3.6286370037256974
4.842625801672805 3.4992041551200983
4.545054403417727 3.586231278435322
4.5875 3.3875
4.601457818828482 3.253368009953229
4.654184534991086 3.205647525871967
4.455583917428065 3.327951990948294
4.593065677574186 3.4172441353440006
4.545091299992558 3.3328435969457972
4.6125 2.075
4.640401712977748 1.8824081084415951
4.628577852372851 2.142421273411877
4.6292000096298445 2.279415546667117
4.345661647275598 2.134371769505323
4.546314540220829 2.0929600586651516
4.6125 2.075
4.718396065792116 1.8524677726291259
4.327128085563908 1.7974338118065334
4.770609646738782 1.837974972761097
4.595386544211635 1.6220420142510066
4.581323816834358 1.7499463473688082
4.6125 1.8125
4.706684614296968 1.947833417355821
4.724580575672489 1.82006458618265
4.742779098886709 1.7972690289853106
4.587976287450095 1.679384282297407
4.849472501115658 1.9507631827053729
4.6125 1.725
4.5946079032956675 1.7291361802278828
4.627674308278083 1.362859866597391
4.525022368376731 1.8322587122747365
4.597509778689206 1.7784268548517048
4.565727543589912 1.6616462975983424
4.6125 1.575
4.680233118505973 1.4731695393271522
4.570328397567976 1.2400889673974063
4.6051195048852565 1.2540717838175155
4.628796262261248 1.5861224868106845
4.815919973743888 1.3301672610588156
4.5875 1.4875
4.585998349842788 1.57407819046812
4.684099084445829 1.4757624754801526
4.600535025093015 1.4346315427797436
4.52098812156977 1.181083202159168
4.7526130354687695 1.4886342498337384
4.5625 1.3125
4.829746698056992 1.3476844213864112
4.553061275379416 1.2433137012307653
4.492804915895579 1.2564609814925063
4.422436312675231 1.1304191278455746
4.708072976385285 1.4337304964640851
4.5375 0.9375
4.305210407221241 0.7054337102198772
4.3276134272636035 0.7057851963887899
4.4292570753384135 1.0986993764802633
4.704944610116002 0.8648918357745913
4.528600179882923 0.8361258754996769
4.575 0.6875
4.55609807144827 0.629612154473206
4.295510140457971 0.7720245130162084
4.792704363094002 0.6308407050965726
4.558269433398099 0.700083936610018
4.64419506636163 0.7552104337098939
0.7875 6.7625
0.728863899358731 6.9272494312053094
0.7212937298432311 6.606745033966334
0.6756672316601403 6.833652736789
0.6814346202374987 6.904849318960091
0.8344385956237227 6.685373902811804
0.7375 5.6
0.7587147120079311 5.608730219895075
0.7326346446780589 5.586455253407673
0.5877649944609746 5.637118436813386
0.6195500297434144 5.629128171275562
0.7851924871125547 5.846340943670254
0.75 5.3125
0.9876769819248847 5.341161389840975
0.9108285409589412 5.391905721206048
0.81648293156248 5.278962983556488
0.7550848641202952 5.134279821614976
0.7466088562637743 5.273449583895499
0.725 5.25
0.704428760769132 5.13438481939901
0.42136577168060424 5.190677076677573
0.698176810430067 5.17981833827316
0.9012314837808544 5.388482309787286
0.4769268288177761 5.1348556743818605
0.7 5.15
0.6838933366410764 5.276251763586246
0.6435566101334824 5.100383659583133
0.8742973911490985 5.190525448171951
0.7896782778673467 5.279152992316467
0.7211593767972888 5.1383661752499314
0.725 4.975
0.7949934426607908 4.688006144721513
0.6968976096325927 4.754360929572185
0.4577149841759306 5.063924688046312
0.5095897752476903 5.174668460263498
0.7413378775307681 4.83063169324074
0.7875 4.8125
0.7973292464633902 4.547736521447028
0.5944134850130011 4.975570748327852
1.0556543863956636 4.910361433577448
0.750234530938106 4.493406032456793
0.9647494483080962 4.675115726572477
0.775 4.575
0.9969754078424036 4.518972853965231
0.862915245135453 4.448308383438929
0.8162034536996154 4.4382596753285934
0.8305229451941434 4.387248520696021
0.8240611472911562 4.422197467714087
0.6625 4.25
0.5474537566060388 4.15075941458594
0.46009075052960063 4.380802590008009
0.6821196083051864 4.275124909620731
0.6793894437005565 4.257011299359343
0.6642231573114036 4.077582888195397
0.6375 4.625
0.5502082933534659 4.607522832939209
0.4064680187762857 4.809279574988016
0.6181010579669035 4.636664668350557
0.6249564648828709 4.598700216232887
0.445693336204329 4.464264677856541
0.6 4.1625
0.4107213237354702 4.144929727676072
0.5937853930627209 3.8720687780170424
0.6522278962146107 4.1657700098802835
0.6127578352002809 4.1407151653158465
0.6283162616613147 4.30270063660698
0.6 4.0375
0.8166235409020743 4.168256855141571
0.6405460589907903 4.32350134474056
0.8521315382168672 4.063966496566026
0.6619890488551085 4.015945048195716
0.6248125962717749 4.329953862182999
0.6 4.0375
0.5863495703219024 4.15726163604066
0.7577573701670823 3.9152494768186026
0.39349887997127964 3.9977652970842583
0.5339236374895973 4.002810554751707
0.4188773625912662 4.000212091744798
0.6125 4
0.5608074594984938 4.112378417967141
0.7667701576905099 3.85644620784836
0.4022028711817397 4.081309352989387
0.5687282618687145 4.0144002648093124
0.6878871100357051 3.755500570648743
0.6875 4
0.8153513758110986 4.252198317281378
0.9254764922723318 4.212191093981106
0.8763387287196329 3.944552335769113
0.7490659184305359 4.158364976808466
0.8094799575823635 3.7313887042633582
1.0375 3.9625
0.8905739228965117 4.0042552268744
1.1429071350172986 4.159646873460464
1.231732810205924 4.023780993097506
0.9733467152733851 3.8482619929399875
1.1359467357539281 3.993269059817762
1.475 4
1.341824492158804 3.8526704008744055
1.434169208095597 4.042005999897693
1.5755696183904095 4.271388863817676
1.4186964208261201 4.031099535031112
1.2461417320917445 3.8471682766530764
1.575 4
1.7182578639826374 3.974515761932382
1.9121796889126608 3.8932863098269985
1.7720625822815168 4.1060908286394096
1.6801765853350612 3.9385502762486824
1.5173863350125754 4.047233446559341
1.75 4
1.7052372570141288 4.151662193121362
1.7720386099166767 3.711864183321919
1.897297776755946 3.946942082018432
1.8913822371033073 4.201547037565403
1.6299583250484972 4.229928545491312
2.025 4.0125
2.0118369828542977 4.044238006725857
2.296565397619999 4.255290838380475
2.077971800498315 3.996373593021322
2.183455072481391 3.861141922200475
2.201434421431256 4.079694600713407
2.2 4.0125
2.0385713725431502 3.993229594160899
2.4587938473257505 4.082583471113148
2.075110203073175 3.9892646847580657
2.292035970188362 3.9516088736709976
2.3039594995444257 4.062284270526179
2.475 4.025
2.624879931170845 4.090952098379297
2.6565754489222386 4.179878985663301
2.6331129879268573 4.067290507514551
2.6827690381552873 4.104146715612353
2.9332129347187497 4.001146936975197
2.7625 4.025
2.8402509523819583 4.135963357915392
2.9715244420343097 3.8958039081759246
3.0310731144612735 4.06743913277647
2.9918043395207574 3.873482704048515
2.9758201535733093 3.7873225213508284
3.075 4
3.173804227305273 4.2839963588392065
3.3872126751421634 4.201913526845014
3.26829514275831 3.958122020292964
3.3646030926763055 3.970782534606579
3.0065083639695436 4.1885430220367175
3.3375 3.925
3.303779241000895 3.8379941979428396
3.4607378049102997 3.930484866950585
3.4356804389384856 4.06613567049113
3.521721578660004 3.8781965035802153
3.1313964948191364 3.696116114766803
3.2875 3.5
3.185138810961024 3.4109061950655133
3.4769853615367303 3.2061221185415762
3.282240678545006 3.3658261015476
3.2338831374386223 3.343884075477045
3.32550813255614 3.134458167646423
3.25 3.3
3.2096037394316452 3.066876733373644
3.2769279776327167 3.1709189993122577
3.2233496317408843 3.1028375258783543
3.0490560696305833 3.0748120244394315
3.2657669698472644 3.116107171671709
3.2875 3.0875
3.5145599525818065 2.814382951880515
3.2280135449991625 3.0717447851493374
3.102540922780633 2.7741712778222833
3.280122895045435 3.0334962699071353
3.078907542493796 2.826485512961709
3.2875 2.9375
3.184653833032324 2.878447276721329
3.307536595063855 2.7506673252952654
3.279157864393226 2.8463766010237292
3.1737838399875096 2.9468633612412516
3.2741284735523193 2.8528254409356704
3.25 2.85
3.1863858130875196 2.8673995750601393
3.5076289111693177 2.8371549480326634
3.3271620298462956 2.916415085388219
3.0827805180844376 2.6262970120115328
3.207261878105258 2.8384682082150787
3.0375 2.7625
2.974059083788175 2.805858257293005
2.7593068270204855 2.7054591339833536
2.7497131485275434 2.837051258727263
2.963187729043915 2.7584452182728554
3.0255538603079093 2.8844929139496287
2.9875 2.6625
2.9260597531090005 2.778522432489294
2.7276385814655937 2.646925616601332
2.642372675749935 2.447866374392537
2.6898669058820555 2.4400533794865877
2.82480528858215 2.5436228426538237
2.4875 2.6125
2.5866240506192177 2.863012168840207
2.575399935882598 2.6110261985700545
2.4651042846361397 2.7283917651520992
2.5521311640789666 2.5983891074674945
2.4518227705263893 2.5634629427302458
2.45 2.6125
2.334547698336409 2.621227841508059
2.4422686708860586 2.5656110473938867
2.444021616696205 2.690274409869828
2.5463246336461887 2.477275318247891
2.4028770092694733 2.709142464729105
2.0375 2.6375
2.06247104304752 2.626464381923178
2.0165458357166686 2.55152302090237
1.7394369656740831 2.697497433156849
1.9847853869420615 2.478030756463501
2.1609998963456865 2.370193972195989
2.0125 2.6375
1.6748063706960488 2.6567990518316646
1.8753857350925724 2.5667121827773203
1.6638119106386147 2.5782421887338556
1.8039891519663307 2.591639383410515
1.7124034046900263 2.52878103244601
1.75 2.6125
1.670612120411485 2.4994328028785473
1.5932441770541974 2.373886424213275
1.834691043808617 2.614634211246687
1.498846260797412 2.6815589576414682
1.829953298706436 2.722732200629045
1.2875 2.625
1.4175537173106865 2.4318143336202325
1.197317367533204 2.3599267278311955
1.0884782402395874 2.5846246273918836
1.2080342149583156 2.7726078922091117
1.3890658747065632 2.8265671418160068
1.025 2.625
0.9704756034775421 2.7348334960259906
0.6579594789376558 2.580927452519552
0.8496713887794446 2.8315633583936815
1.1590245270712694 2.628012722617014
0.9193760576761468 2.6135614912425593
0.5625 2.6125
0.5419282434713566 2.5794442457363855
0.5040347449345931 2.6510791214026015
0.4032690096769116 2.5441553124107257
0.8250802838159498 2.540895547261826
0.5450426858393815 2.6644416259265697
0.5375 2.5375
0.5877134753072492 2.5596280655230386
0.5991475065259861 2.494320716000094
0.5808047316784 2.3970996969475253
0.6181177919369129 2.491175179236001
0.7889331309304781 2.460666041379915
0.5125 2.35
0.5019708293527203 1.8392401324348158
0.2775097456248976 2.057404847151395
0.3410912818356048 1.8343513222797228
0.6151728464191714 1.9472375353521556
0.3425076368365718 2.2380260052880687
0.475 2
0.4724423372473816 1.9992233363490626
0.5273966533996708 2.069956186447068
0.45607971835300143 1.8595701340917856
0.2506515293919831 2.097075835829615
0.49788246292577254 2.1386490445499433
0.5875 1.7375
0.702879029107381 1.5527886525276728
0.5182506284745043 1.4534903550805638
0.540826254518988 1.6320209544576898
0.47594618213012163 1.7432289414998423
0.6961255234214874 1.8697914680103849
0.5875 1.5625
0.7645773971123766 1.5446902578311423
0.6399383582161744 1.4319969740817697
0.578755801049107 1.3556156180947525
0.7261225603096385 1.6128377605830237
0.582419611483161 1.2354308600569568
0.5875 1.1875
0.6990266813574506 0.9679392036148642
0.7078842730015458 1.019915076992349
0.6147757364326881 1.0511954707515556
0.6821138800534734 1.2360482159649138
0.30840749894218844 1.1327646871232062
0.5875 0.925
0.6424557184751709 0.9230614903595992
0.6423409299343747 0.9334265884314789
0.4575972853261706 0.9290356369848283
0.7643467222409349 0.7934936094017389
0.6532622216031769 0.8518143643490503
0.4625 0.95
0.4588220423202024 0.6597732264894518
0.6135080196654414 0.9509692662411254
0.6582170238249865 0.9769579468211106
0.5787312273015691 1.1133330858036188
0.508022289474866 0.9359248746967495
0.6125 0.825
0.5112866001400203 0.8188911411456928
0.59395364442851 0.8169306658871534
0.5786668592105648 1.0167901885035178
0.6879530796093543 0.9942027845517145
0.67906745436681 0.8143999450220718
1.1625 0.7125
1.1432863840638654 0.930959854064507
1.1613536018984825 0.5985394661136155
1.0292218966461901 0.6800104397597124
1.496732249243762 0.6742196702442271
1.1532241432639576 0.849278746448715
1.3125 0.725
1.5262868262038618 0.529552686315472
1.4974364106818236 0.6110643630915845
1.692182132889006 0.7130655990964684
1.3948232692635054 0.7616708483119154
1.3083959139269428 0.47393572921577204
1.4375 0.75
1.760061206898725 0.7251153674606229
1.433361879742116 0.7300488261707428
1.5023135943008419 0.6935915827065088
1.5547645592625936 0.733177382628844
1.6599074810665582 0.711861899920325
0.975 0.7875
1.215561288368822 0.8033845102177424
1.0842979173276126 1.0032480737651368
0.9526588196235993 0.5592807044459519
1.0326881940714603 0.7924130099994826
0.9248912497806565 0.835591580101385
1.4375 0.825
1.5618434906806828 0.6651553453287405
1.3967702378764204 0.8662767591326528
1.423343458026864 1.0383849849173472
1.3980954241772579 0.8401580141877247
1.5218024729956774 0.8166471627970268
2.0125 0.825
2.1482871602941422 0.6015434330565469
2.1560568748363838 1.0697739015067298
1.9032801356369942 0.6647105273318175
1.8216218514073481 0.9676360578710131
1.8994459587555934 0.985684056974172
1.9875 0.9125
1.943747099432499 0.9710270759355651
1.9830694096430244 0.892802324604429
2.5448384466628324 0.9229977089919643
2.001876480433747 0.954776448707932
2.538546005570796 0.8957304726307441
2.3625 0.9125
2.6815314326444057 0.9281363100727716
2.5213255486012978 0.942398982297469
2.2096029633103553 0.8242663806385593
2.4773935665643725 0.7234762229878058
2.558688635307408 0.8033811356016003
2.5875 0.925
2.641473261912317 0.9879416398593548
2.6491354727777154 0.9243067761112528
2.8434168925407337 0.8141780902289127
2.66946744927078 0.8948113583112217
2.7181091405406455 1.213814153836695
3.0125 0.7875
2.9205426473062315 0.5621040832703883
2.9402066704090903 0.7883012732838551
3.0077648928590723 0.842931336302513
2.9813763209927804 0.9222249594534049
3.126578418200771 0.8196309400822201
2.9875 0.8125
3.221984473437954 0.9845322390346439
3.0171847433124426 1.0044182196488323
3.0115357724608804 0.6091516522536026
2.9035251195235556 0.7479294258810782
2.7861790650840232 0.642080972607998
2.8 0.8625
2.6555267436414693 0.9779606888571862
2.79258744133677 0.5748055447058832
2.9969162046791467 0.9333840668946707
2.849265527281163 0.6979937406509705
2.6601972742937074 1.0850998342867073
2.45 0.8625
2.560802085122548 0.8591131400328493
2.5171037881578693 0.8119310719057224
2.2865989159780216 0.5816982224185339
2.4741730189284286 0.7265113595218651
2.266996049527095 0.8404610657348541
2.5875 0.7625
2.6325430986445904 0.9242182546913028
2.580873256168368 0.9201719142275422
2.608170490368395 0.7665540621333449
2.79807498923165 0.7991207569371355
2.6936740404581756 0.8564921766268597
0.5625 5.3
0.6458992367881835 5.325071937899829
0.6406395711790882 5.505010481851051
0.48294567517522874 5.516306270032069
0.4168333753640373 5.3494799914137205
0.5722200744708144 5.3186751395701055
2.9375 0.8
2.988014650041467 1.0980701589700304
2.974259402611618 0.92234939322597
2.873828735287583 0.7381890587125852
2.9583716750803846 0.7986164566694341
3.0098932305391535 0.7332929694075716
4.5125 1.45
4.507306858162968 1.363570833183583
4.666404161754647 1.1910006241312885
4.608531713607482 1.20319828232592
4.590987688853689 1.2917860940586536
4.6640008855437145 1.4403947116295484
9.8 9.6875
4.3625 9.5875
1.25 1.675
8.1 6.5625
0.5875 8.4625
