0.95 6.8875
1.115503000878989 6.826946446374578
0.7111660061506325 6.528638238996388
1.0991567580033759 6.397012544002893
0.8791483302431716 6.97915918918342
0.7240177774254215 6.857414044253481
0.9 6.4625
0.8896842728548489 6.51339829893706
0.7083330218202443 6.19931960528269
1.0739760099658644 6.518417564943761
0.9877000578811573 6.683338855900809
0.8771267050046218 6.060315660176896
0.95 6.2125
1.0528633940107865 5.974425994032054
0.8937783045553228 6.014533948808998
0.6046195551013828 5.89344590025272
0.8984268358324469 6.115824688465635
0.9838028399513112 5.675891870196381
0.925 5.325
1.3639970882235741 5.084069334968745
1.0183442940131628 5.2945489527611045
0.8413636303654091 5.008839970653598
0.9340743459598354 5.092280183689699
0.787677199008603 4.7453207194170215
1.125 4.7625
1.1216826487894966 4.71129487773086
1.1805488576339 4.839603906627619
0.9718204939381836 4.696376098016435
0.9206093431065611 4.629367577948467
0.8033066262782167 4.720600282268745
1.45 3.95
1.5513046612860464 3.7125346623850426
1.4755909897602117 4.078662520748899
1.4138965071464296 3.431466124159577
1.8021129838523429 3.552691489834392
1.5385070120311066 3.808911893207904
1.7625 3.4125
1.800764839398401 3.459460909319607
1.594486934575299 3.431643242375108
1.7879503870918012 3.0765615666091506
1.8426255493972878 3.438435570642882
1.9347367145674852 3.58157549897181
1.4 4.475
1.2231437077775773 4.139797295069442
1.6786771740874724 4.140782069140788
1.4806897985827032 4.445121334974163
1.553893056699202 4.108980519459844
1.549149849910188 4.187016772545111
1.6875 3.9
1.828636720538722 3.6107061755439966
1.8003122744166091 3.603141908367801
2.0190644829697875 3.7142014590218353
1.806562546452841 3.6043072390820377
1.835216157442701 3.8292743088310646
1.8375 3.6
1.9951944047716996 3.151477506193956
1.667851305218285 3.66324836592961
2.2096855195584943 3.4130184616439068
1.9288383021256998 3.659354746745342
1.9609880932843269 3.6895233474475804
1.9875 3.2125
2.3981316267213106 2.9263225300832203
1.945821508979553 3.1762090955330167
1.950226435296479 2.6876715418842565
1.926082488441656 2.588964073539253
1.9289115124423675 3.032089106868111
2.325 2.6875
2.3739694724324267 2.434219546862927
2.56223719140472 2.392264118885433
2.4741471229693266 2.523709680209953
2.2481717951873206 2.5661399383427934
2.5923358248025634 2.153464280835645
2.5875 2.2625
2.452438718216626 2.1488355404170023
2.3758327054620603 2.1514875612752205
2.837248105969732 2.2268527076145714
2.669106129230062 2.1504795889885613
2.9245283499376904 2.285755816598204
3.15 1.8
3.4011421015590804 1.545925204751147
2.987277108115034 1.783808531253041
2.9300208729856254 1.4968243483677597
3.1217300756665893 1.6950495476534342
3.3733243212935093 1.3580645571654344
3.4125 1.55
3.8350009211343457 1.3459972485830263
3.62567799811859 1.4655530084711672
3.5728025163350923 1.5210152652468807
3.5386863045407857 1.345557046979782
3.2441713800328054 1.371765267144984
4.0625 1.15
4.3292459767553355 1.2449141176301424
4.42048885755725 1.2220312793343084
4.463381483767939 0.9505041425431259
4.1486047228813145 1.1208834061603654
4.514963314630885 1.1034030924789646
4.375 1.0375
4.606641544788483 1.3001358116939812
4.701173916312222 1.1136199890798708
4.45895126396462 1.0040499948358217
4.448597392100455 1.011908054666327
4.370575779266337 0.970413815666852
4.85 0.7375
5.081845088588467 0.7892977142227864
5.083966287873624 0.6875161439367261
5.105056494019703 0.6136260667901737
5.223099696231176 0.5098455201328491
5.293085984121882 0.362048051358002
5.7 0.4125
6.105527356193395 0.38575880722599437
5.881800823890064 0.3092589872237781
6.125775333836721 0.1088400081146446
5.824062764165019 0.3438686840410625
5.873485459338353 0.37173592125494254
6.175 0.375
6.283424644465219 0.09130082984251828
6.4490191921008915 0.22201099828586734
6.192402134026305 0.5459699910741108
6.315312006111949 0.6578509366805904
6.035894032732121 0.32067019455049034
0.6 7.1
0.62596960230924 7.359977795347149
0.6026568598820735 6.82842931757587
0.5491033218950377 7.180040334207149
0.8940156148975673 7.077775873307205
0.4073793969492761 7.152823370239284
0.55 7.3625
0.5846551301156915 7.5791241666243945
0.7089797738208798 7.424387756670162
0.5875154840403605 7.637593741778926
0.7876438104246912 7.916659258993517
0.4000016119804276 7.742401640113099
0.6 7.7625
0.5799376684562908 8.184387843245082
0.4141030868283167 8.129614125334463
0.6860245070916078 8.119300773663037
0.4955354174473867 8.058651724350451
0.6362535578856676 8.08686627633034
0.6625 8.2125
0.5616277212197255 8.006977899396395
0.34534916277592187 8.363213693963068
0.8147840547087999 8.25610597317353
0.7349894714427895 8.240776250377355
0.7997941012911436 8.013445091835086
0.8625 6.15
0.7193587274373694 5.726985663793732
0.888032950845586 5.728729167843846
1.0574098543147907 5.941014275670785
0.6268441402137906 5.834755445739683
1.0740669660572126 6.1119289980405505
0.6875 7.7125
0.6834514091404814 8.05174219013427
0.7975554700972937 7.900419835210208
0.3911687102370101 8.18945859677152
0.6450796129192209 8.025106880679397
0.7589453738083434 8.131949198705806
0.7375 8.325
0.7522277036581474 8.408202759473287
0.7607078009754011 8.316507355871249
0.477549349990597 8.564617598967457
0.7972356245072362 8.742859490375839
0.7713688827695099 8.402677213090186
0.9375 8.5125
1.0120467069498702 8.395713438750757
1.0801554972221732 8.699206422551153
1.0950594983936894 8.464902190265324
1.029372374899023 8.71771889699021
0.8798270576025043 8.480065900360268
1.05 8.75
1.0888778812284254 8.817094615812648
1.0862185383913974 8.822442728395902
0.9140839399706658 8.73280857149985
1.1318144881465042 8.909545062832994
1.3840987085035803 8.959882698843229
1.025 8.725
1.0144520895204712 8.782750748232035
1.0972956270479886 8.407667379231892
0.7831012980440925 8.888377940539655
1.0943465074812968 8.685751406566848
0.9180954557266983 8.936999798189438
1.025 8.725
0.7802443861059769 8.565352050882305
0.979366224269309 8.881382731169538
1.0205683738537012 8.743302406923556
1.084909196651693 8.72879368057637
1.1119468586835588 8.60574978482479
1.5375 9.225
1.7043524689063028 9.577501349814906
1.5818840952505238 9.455839165805754
1.6579314255236344 9.304843602475527
1.7706417681273101 9.42187819031549
1.9449437212871097 9.281746798954783
1.925 9.5
1.9399027471516224 9.858975951473187
1.7193368771503663 9.547016028592655
2.2876472162026937 9.42925618375644
1.968339530934081 9.505815475437453
2.1056679846311495 9.5214775306022
2.5375 9.575
2.5725085015126257 9.593535558012203
2.468007762058259 9.591802436153081
2.349304539949581 9.362769195796435
2.5179976337077945 9.815266998924745
2.431900638700638 9.552876004424629
2.9875 9.6625
3.305910165562407 9.414824466894785
2.8720034142211617 9.57628329312263
3.5134259757568467 9.562798509469962
3.1833896895652662 9.832133464174232
3.200573515452718 9.651130910526117
3.6 9.6375
3.9007683717859307 9.561048246299894
3.749173137008279 9.498232894413723
3.9306992837539694 9.565735236313142
3.8517817726025827 9.326546792826873
3.7465110675059172 9.5471737329423
4.2 9.55
4.202879611965799 9.621611563980398
4.2491984383729715 9.87655315391834
4.105636859600261 9.75426530704024
4.550381757408661 9.780100378585495
4.204566826164628 9.543245925412505
4.85 9.3375
5.204151227411241 9.255492725025025
5.053882211676685 9.402957383546548
4.754805699436718 9.362365577276627
4.7957929581794465 9.37715349497291
4.803766229398191 9.396371738801694
1.425 9.175
1.6088720647304993 9.130556659728708
1.3498245010817969 9.183705000840117
1.4727431775261162 9.242711005902487
1.4517572336890274 9.352057939065636
1.425986740320524 9.243671748245884
2.7625 9.2375
2.9766685423599544 9.157387700529034
3.256791621564775 9.120251241327246
3.1509291742354626 9.272983866917938
3.1224483514451165 9.56479513199124
3.122139136022928 9.367091469014296
3.3375 9.3125
4.208046445632052 9.136549929708742
3.8943062497846257 9.077936901566627
4.054273596654646 9.404132866912105
4.062030994496112 9.45551092448833
4.179833243926629 9.00550526477678
4.3125 9.2125
4.359219087472676 9.269684899400044
4.418042997769819 9.197891387701393
4.512853425487815 9.090175488882375
4.7608212116175945 9.207277708134267
4.6447853247130215 8.901322791758385
4.975 9.0125
5.097165845456541 9.074350313936607
5.0512726124405924 8.905662299533008
5.087757611474603 9.178871520066153
5.361415791988479 8.782178871421323
5.157474257053903 8.643017763140257
5.3 8.8625
5.621201639096894 8.77822761850431
5.755931762989817 8.746658788670759
5.638364417077193 8.7825666268934
5.5233783703094534 8.876223727286888
5.641086614021958 8.965304230982216
5.75 8.725
5.838720030777401 8.409568538103949
6.180536888826319 8.568532786340674
5.825981076923095 8.96093991030486
5.779356953144148 8.712322656820849
5.876930772354798 8.57326471673388
6.4625 8.2875
6.296966220956562 8.271707790175277
6.501339194222187 8.030872797773304
6.801932035157688 8.181969207737906
6.550238555326763 8.121872058572677
6.84988249422763 8.263726806745137
6.7625 8.0875
6.919834412529322 7.866340115277742
7.470771981518117 7.675227686242218
7.15087260526596 7.825704499892526
7.2168560707279905 7.640550809034833
6.9410604907432 7.744393086462642
7.25 7.5875
7.201956909833109 7.580621690852787
7.136982384798422 7.268171787216858
7.059215523181416 7.482523600563257
7.1307398617041 7.3944691219492755
7.273922311224796 7.769806348766761
7.5375 7.25
7.918052053374646 6.725146454266425
8.31914043079847 6.4569929527186165
8.252001492651889 6.490744789457724
8.078450148322451 6.278379713318576
7.837411629467056 6.681090253882952
8.1125 6.4875
8.189129719100135 6.296128307205626
8.563329701064983 6.345997340918805
8.478164298839657 6.2846686847700735
8.322263537771937 6.1249371802410675
8.33188749520292 6.612394068804579
7.675 7.0625
7.75669783897055 6.971228708552973
7.652015136001998 7.174449476078367
7.504707488544062 6.904362742783244
7.690064642478975 7.215591839120289
7.842688856347593 7.18575974779187
6.4125 0.4875
6.486509555799826 0.6651070790912484
6.497087551667645 0.7918937160016768
6.658381558486225 0.4419070448991249
6.406624916329673 0.5357508424445001
6.754584316395947 0.19064299546251676
7.35 0.55
7.354036589477881 0.449660515795243
7.503072716775438 0.6990477351287424
7.546210097721184 0.4678593557344968
7.412006555520475 0.6476623301538297
7.408388182850793 0.8565282462012902
7.7375 0.7625
7.925305197194005 0.8486548571096563
8.251893375409338 0.9073102894820849
7.96143511286446 1.038167606528559
8.263447048554097 0.9202087772316532
7.961730227460789 0.910117736537066
8.075 0.875
8.371493232507522 0.7057735289011859
8.353464592932253 1.0300978915620405
8.568829970530063 1.2064506199100833
8.524908641824148 0.9157497636113376
8.562414289881001 1.191274756836141
8.55 1.125
8.752577546315836 1.2149618169012784
8.674027140655706 1.2203981897267724
8.625080796580528 1.3679897476785072
8.821488990336462 1.0848793541768145
8.311921732643112 1.217024862470882
4.675 0.9625
4.774936119441018 0.9576588252089735
4.825422624336964 0.9595192572085978
4.61081534419745 0.8726063743279042
4.591813100326781 1.0865002343612928
4.845471981354167 0.9415189186826183
6.075 0.775
6.104926954471648 0.6045179061478294
6.43439594256259 0.8697193385452451
6.2245697439573044 0.7502648089766992
6.0313743176579795 0.6179392671286479
6.43125202844706 0.8264499282327961
7.6875 0.4
8.006639853305167 0.40909107855279386
7.833682658813923 0.5787325979807662
7.958771258535267 0.6172722903223999
7.7797749741801026 0.5272394445520675
8.01504778116383 0.3173049985770433
8.175 0.55
8.61516868217264 0.3657799346888993
8.710121162480666 0.3455222205909692
8.536565552926296 0.48159824862923556
8.201445054052531 0.4430786134499087
8.335487729764838 0.7178998173512212
8.7 0.725
9.125089815454032 0.8991910282363307
9.016855593562392 0.6326828903878123
8.698430783651707 0.8561183495899144
9.043805763284677 1.0972680083623332
8.888790582314922 0.8582388670664344
9.075 1
9.118565159098635 1.3854732596646286
9.352439949811508 1.495575159526743
9.204221110589181 0.9132044435436171
9.250632741193543 1.299838144302393
9.314704628297113 1.2791170865499155
9.3625 1.3
9.374584150086786 1.4363750792875536
9.33430210023034 1.767381877818832
9.544544113704514 1.2203340620072793
9.425155791938558 1.4801305764937382
9.529297275341662 1.6540833518511264
9.5125 1.6875
9.414007458381738 2.1169777198710604
9.475274448636863 2.072640283577401
9.238865901332762 1.8772991659100626
9.54734886520268 1.8778201151729532
9.902546548725946 1.9120019176178231
9.575 2.0375
9.428834027988458 2.2583585261229357
9.7087907029962 2.3386770332668276
9.2565533048034 2.05732855925215
9.587298343520095 2.0887044318066557
9.590354820906114 2.15235815237387
9.575 2.275
9.564079638697017 2.3796803224643868
9.523021474139922 2.3463121651683934
9.509662291866801 2.368607150214268
9.515549118457699 2.3394760927556346
9.397476186389836 2.540392230109501
9.45 2.6
9.547286991536081 2.82111971326664
9.31310877371192 2.947178671788559
9.15993780355966 3.0096593647414354
9.246259848173448 2.9924974426712567
9.346531767750374 2.780489029839006
9.15 3.5125
8.896086850424664 3.7236936129087113
8.927336972024097 3.9687828268751724
9.256571549949392 3.624462916914406
9.041417557920349 3.9334686966798493
8.862515461263028 3.841469712098018
8.45 5.8125
8.464251717570983 5.739315615640332
8.617498188100749 5.90685053980027
8.45958646929189 5.787228238431499
8.589636043608575 6.025830826829557
8.408678103153171 5.810336896588742
8.4875 5.7125
8.562478960849207 5.560778101976391
8.422347547585796 5.412539866516404
8.628039389122439 5.235633666701687
8.55963097811813 5.5553705048342605
8.685597942974269 5.516731361914235
8.625 5.4375
8.770159069590672 5.233454350530166
8.648726311806184 5.211545560538573
8.833906432513693 5.032102405002645
9.015951543361137 5.3814675960814045
8.565260917419934 5.51773952720166
8.7875 5.125
8.812314854768506 5.059367797666174
9.192772156839638 4.961219618333184
8.940867995995157 5.08272979815522
8.907851757603606 5.1301343907570836
8.859069148506496 5.058053976351531
8.975 4.7375
8.992124586138596 4.593371078165772
9.00932250882013 4.584515236151126
9.057055361604444 4.523953443466544
9.09725885047076 4.504400060472783
8.95729491400299 4.547309536799909
9.1125 4.375
9.100414660737766 4.233186446566576
9.368867325843846 4.490783983245578
9.000938101674123 4.028289233069349
9.129720458885146 4.6164716085110475
9.224798675012172 4.121131992469808
9.2125 4.05
9.30685621109842 3.702605316469966
9.427628297053706 4.066473652963906
9.16692391872287 3.648016777169991
9.322995104716261 3.926107232803022
9.27158672082523 4.087265436423175
9.3875 3.5625
9.517532257217301 2.915708383576006
9.174286772946594 3.2011317256401797
9.209979675027293 3.034757784085214
9.27122090184142 3.0677372906320657
9.444849090733731 3.190486467090294
6.75 0.575
6.6700284490442385 0.8414455161179575
6.917165251034197 0.48166277438376
6.725710259750196 0.5762848511991919
6.664166448886388 0.3016603624655275
7.010263860898436 0.6043363018165394
7.2125 0.325
7.256050333101989 0.1613640330743266
7.1335949153922416 0.050855964889751706
7.098396681096757 0.292595774856845
7.190504302225065 0.5285240399921761
7.16553047738488 0.047828317987860205
7.4125 0.35
7.505757280922383 0.47805087138993513
7.503161074048674 0.28837647257076215
7.770773719590826 0.3055740453813797
7.478820696161655 0.39964441135518314
7.513277881737308 0.3787252051644117
2.65 2.225
2.8834174391042895 2.1560291023226683
2.842036353433451 2.3670315895111202
2.938825319045093 2.498587857476468
2.7250090798928506 2.456928109862626
2.6569207140967532 2.010086447231733
3.475 1.7375
3.3995159974530615 1.9217409301065858
3.377048867632516 1.8720635355591284
3.4736101185699133 1.7866621817744075
3.5107354252286718 1.8547100832737258
3.428247543709859 1.9249808183161718
3.9 1.5125
4.113352496747227 1.4388660719994646
4.007351059909848 1.4366070716174035
3.9414854728994095 1.6595007823114343
4.12271540314259 1.3220587307975165
4.08919351073073 1.7205519624220371
4.6375 1.225
4.681042534334062 1.186965730333506
4.700084255714669 1.2764047736765007
4.797681694320156 1.286782760070531
4.728726020058369 1.0644953593468287
4.674942779194649 1.1811148430978562
5.8 0.6125
5.90422241265305 0.8172463881951216
5.971590972876807 0.2550344061848492
6.105920291733467 0.8898254236459777
6.221877035647631 0.4291112493042874
6.064116219809226 0.5726951974971769
5.3875 0.65
5.334838333648646 0.5057287909239676
5.079230512466937 0.6148046993576273
5.67790561770754 0.8047465060007426
5.159198127486088 0.8280465578017668
5.4736860561897815 0.75413678721727
5.2 0.7125
4.948023145102279 0.9163522583355317
4.953656069174679 0.7449986668844815
4.703956486956084 0.6807195485520581
4.98153692143605 0.8339947559031657
4.966959166266239 0.456285898976715
0.7125 7.9125
0.9247661900519002 7.9409997578164395
0.5020665209103532 7.687153302471119
0.7317970260109243 7.684273807237441
0.7670773572314072 7.84154304633188
0.45488609734880664 7.547759136204161
0.6875 7.325
0.8073315568226789 6.823815432497753
0.9325797156563986 7.024799005546784
0.6796809260255869 7.021168155835229
0.5737855650538662 6.917169269699062
0.7992953238458388 7.027402714873576
0.875 6.325
0.9614664529643345 6.073983083776117
0.9173489227572664 6.143107220659203
1.118223954463064 6.269669400559517
0.8961282782826888 6.153210284635239
1.0785909367605981 6.384670411209215
1.0875 5.775
0.8509417260774196 5.429153539722582
1.061108387442399 5.413419301949722
1.2936443862496974 5.654636730060434
1.253476065341458 5.90894267482354
1.1399523093539012 5.6972741359515195
1.15 5.4875
1.1333607646513753 5.445624284275615
1.2304314263523934 5.3360854791721986
0.812193248586604 5.349912745475283
1.1337561093063204 5.213003342824657
1.1598782972036445 5.431587713666182
1.1875 5.25
1.4662066142293555 4.994897324054415
1.379230310425331 4.947913776636475
1.4414108787739441 5.0307488399822615
1.1845845828939827 5.039930847653357
1.0460425711467836 4.8916617908801925
1.4125 4.7125
1.7141795438169765 4.596561512526423
1.5381175819666517 4.46101181727007
1.52212868205695 4.507396508616082
1.3291799237771862 4.23540802032193
1.3620242339407507 4.204471894678671
1.6375 4.275
1.659707544404989 3.813099792253781
1.8431025501184137 4.010415922386287
1.4570729731596586 3.834381349313979
1.7363145662093344 3.8504886635475324
1.7342417908639671 4.0638355975823774
1.8875 3.775
2.304692999188555 2.4723352398571423
2.5828642602378014 2.668373135703176
2.438581728801047 2.8318787774940235
2.6534590281977173 2.4128339409874586
2.631483639074923 2.5966711863417276
2.625 2.5875
2.8422104921973 2.627436617681343
2.4662500029151952 2.356197519323911
2.321418430703963 2.718873758937292
2.80102048571127 2.454067469243628
2.4098328489999217 2.594180707125214
2.775 2.3875
3.032835833672447 2.4858779392278536
3.1755237708314312 2.068831288840161
2.837493227568164 2.5046152857039727
3.022961899280087 1.9855688796843183
3.2688278997776314 2.21631630065649
3.225 1.925
3.0373896302832386 1.8347605350170255
3.3559318503864537 2.1664965793505515
3.347962251399192 1.9331679271156035
3.2631246693213827 1.8800287362281878
3.394931807197632 1.9389997553500322
3.5375 1.675
3.9131724643079706 1.4252707877557327
4.003180717798637 1.2425439018320261
3.568938799769298 1.2168980815509953
3.8891681903726494 1.6937912155725172
4.0785351916121995 1.5454754907633528
4.7 0.9125
4.821618813991849 0.8999342789477879
5.013655600688806 0.7136337599814538
4.863153127262334 0.9554958285496952
4.997024950907975 0.7330970867644752
4.801717176309522 0.8608287820981559
1.875 9.4375
1.796599406944733 9.485406850943079
1.8315769785589786 9.499107230251344
1.747129651306785 9.453828757051253
2.0947393267840586 9.34661134815929
1.5832701420446416 9.277488567048685
1.9375 9.4875
2.1816693523349606 9.86609736316995
2.470218924406222 9.512978101680359
1.944423532654476 9.430364817452618
2.2300985770099184 9.386918741053137
2.498246954124899 9.613612912726232
2.875 9.5875
3.390498412556365 9.396550190005222
3.3740047014223036 9.91346223114877
3.453297567537676 9.877446270589232
3.3709974662964997 9.638056704968735
3.285213967063968 9.470910264230747
3.9625 9.475
4.320260447846257 9.266378650004203
4.150538744066504 9.20556575160377
4.349540547033774 9.604904450554873
4.004714751409546 9.455268611299394
3.973907116414515 9.5314347473258
4.475 9.275
4.54894540991218 9.166263623116764
4.300310536457111 9.19532229675106
4.661145237909146 9.358878760714294
4.54050228488432 9.14147484179529
4.591542176024562 9.250912158012806
4.8875 9.125
5.0899364591049405 8.671620481592186
4.927212022984348 8.713678662656228
5.247840669727847 8.76384550712753
5.035761957407485 8.745687558206914
4.9262803354151234 9.137367551214826
5.225 8.95
5.400935788244707 9.020483579339894
5.475633875513969 8.773816338718772
5.526595827763088 8.957520806534982
5.414292633628152 8.808468099407635
5.520617429551466 8.62934989379551
5.7375 8.6625
6.034215093622869 8.833472651440074
6.016225779327122 8.38736909597241
5.516350120627808 8.573437664565978
5.763302234475757 8.593004184209416
5.498043335216236 8.60446795260322
6.4875 8.1375
6.718752139066479 8.077254809662177
6.52124368609177 8.073578187486769
6.694280659276162 8.051983193284062
6.42444360783971 8.232842347396195
6.563578835875046 8.042155837367602
6.85 7.7875
6.916147602064404 7.772390297502033
6.859931815237812 7.9025354017600495
7.072063537230198 7.880570748264989
6.84830511210358 7.867353388290359
6.959973283227271 7.72865127096331
7.15 7.5125
7.360382291884754 7.286943304218902
7.266243479217616 7.229263299450336
7.351490113157125 7.321764541884505
7.425559706036401 7.451509928653948
7.082539262324476 7.169032506095256
7.775 6.8125
7.937796206288667 6.880201322586504
7.880946215882889 6.702835403944934
7.835750504321048 6.630086597188102
7.8722218293343165 6.6689736863116
7.932116009298305 6.626589550255979
8.4625 5.95
8.687983408531249 5.576529412069378
8.59586923702772 5.375407882554909
8.768832959781761 5.693205589756298
8.846110847108765 5.430192622208196
8.572188884108156 5.584104757448938
8.925 5.075
8.828620053813426 5.022209780182626
9.273350443511863 4.629168394477684
9.122267001563927 4.73843561709071
9.046127647708584 4.974233164256832
9.02265734987144 4.862561880254676
9.1875 4.375
9.248496285223434 3.912471774797164
9.578185229767708 4.227557490029894
9.147136555269402 4.002310267623769
8.953616350413132 4.128103621823673
9.252564852577615 4.059960131929827
9 4.65
9.257873647203475 4.620460685092096
8.987852531145537 4.701253533941999
8.965583107524441 4.6378854162254095
8.981468401416699 4.796283804087151
9.237383607700343 4.632998510050486
1.2 8.8625
1.3303772376627914 8.71431348852065
1.3962803637743488 8.871551418169933
1.536143001259411 8.98794428906792
1.2607115366996875 9.294297463955541
1.4741970258353525 8.765216159826256
1.625 9.0875
1.879457995361945 8.987469482770287
1.7902553886152148 9.164129923579269
1.7578639747738933 9.053468694092214
1.4859937124175508 9.166139043632885
1.7816553840146199 9.24000338916235
0.65 1.1625
0.6404224936578254 1.0037280268165247
0.44985205869133776 1.2188168210107988
1.022396743459985 1.1525925110050281
0.7648160797056252 1.1233292620417017
0.6477606967188378 1.2512384239557577
0.6 1.5125
0.5782271479497346 1.2933841735194818
0.8405819941362399 1.5395850077815538
0.5421508044144924 1.475397520826752
0.4412390888484053 1.4565864409640426
0.4573423034259784 1.260851846502301
0.525 1.3375
0.4143705703025272 1.2308655013122434
0.35618902435488925 1.423082738898536
0.45389635450907156 1.1755688355032063
0.6255134836095496 1.4126744652001704
0.4488470167146059 1.1444464179820912
0.4125 0.7
0.3896326028885221 0.6536917575574108
0.6363877889609413 0.4099982697855083
0.5870817928093832 0.5130324784236379
0.7178468289880774 0.3970706150617588
0.4771436489466684 0.5606222943816036
0.7875 0.475
0.6260503054829248 0.6488230924271263
0.9907653255648636 0.570067387834348
0.9534278741332614 0.4488910160970079
1.1575625584159863 0.5798542254254144
0.925711879239854 0.5408351209015138
1.1625 0.4625
1.347081832863133 0.5632850801655138
1.1689535902724044 0.589660671066531
1.0906757209177553 0.48841480415202626
1.0133594080130472 0.5087108201413499
1.17997368141956 0.6977193279809484
1.3625 0.7
1.6020400304814282 0.8119183206492124
1.1397089715598703 0.9911273839310141
1.2045937847578263 0.9698890566719598
1.2509629814072418 1.3705880847443268
1.3908403767428532 1.4028883059897097
1.2875 1.125
1.1908426124431242 1.0706587352247965
1.104198114834077 1.129917344192623
1.2867233036663466 1.1869383991302187
1.4101431368387745 1.305183318301411
1.5078865168677413 1.1834523002925252
0.825 1.2
0.8308836249761777 1.1299008637748003
0.9330061948041207 0.8153658767372889
0.42719092054957974 0.8419312726394012
0.6651417792403375 0.8626028506138468
0.8181781069053867 1.0967251567467655
0.5 0.825
0.5826645948180218 0.9721103381000035
0.33258792147735033 0.7319564846586616
0.42276676852132444 0.8622291741659964
0.38813811729816994 0.9630891160533736
0.6670156502297444 0.768340147907287
8.7875 9.0125
8.885375441810561 9.219432952434712
8.757373219624988 9.487931013619828
8.770928362003513 9.30759125114947
9.124601981153791 9.505044949748935
8.944017753901417 9.29768495583593
9.1125 9.4875
9.136951742835478 9.498074535849295
8.95036076395689 9.481666858302313
9.102973403108965 9.60281780527504
8.903342448353525 9.440837827648668
9.399383121903927 9.315614143385176
9.35 9.3125
9.249097590333227 8.960519001140726
9.369999154425722 8.930932861433421
9.204543991994742 8.987052698667375
9.373252867902158 8.77752734429697
9.215982881937041 8.655660560967743
9.4125 8.6625
9.395767642765657 8.512128836839718
9.651425365336289 8.490515170501372
9.467441676174946 8.899631650650555
9.448754148322628 8.592207310628666
9.573217786713952 8.774448367787645
8.9125 8.9375
8.923387442106002 9.260681340600645
8.906031609549672 9.075950247754923
8.65839154602279 9.123501496584783
8.730018098591394 9.143892935131085
8.856426155663275 9.21071334694188
8.8875 9.1875
9.044155339483158 8.77865594492378
8.768828489586157 9.074283716029317
9.023793764151385 8.924723329991215
9.159058023937783 9.178391164129508
8.93126486644424 9.034892214190915
9.7 8.5375
9.727674635161208 8.644402730065508
9.78681299977848 8.66157281898811
9.777063898428088 8.574424551946837
9.489986666007914 8.63062408235755
9.903017797483622 8.471851615075307
9.55 9.225
9.302239308906012 9.500791205192192
8.906363431669451 9.514483251498607
9.2599999141944 9.549874586011601
9.263457584908926 9.589759230438448
9.009487101101627 9.384838188538662
9.55 9.1
9.610818732433442 9.519185126885223
9.550438933420285 9.16265571996712
9.659121933701076 9.425926522782351
9.498999872453211 9.229296453122462
9.49638667977287 9.308045883082425
9.4125 9.5875
9.186802569849604 9.52325495790836
9.124068294495073 9.568865849280646
9.089568444010805 9.66592284931956
9.277403718649913 9.575265574313025
9.157413038312516 9.626531519183379
8.2125 9.475
8.218928267505289 9.31299591599881
8.394920928452636 9.478354990507011
8.194608291370628 9.463908861652193
8.32142905662035 9.45318690745932
8.466365993275877 9.37214618435768
8.4375 8.825
8.475361469998663 8.320465929186074
8.541132897235261 8.186487484933554
8.58137833230687 8.328326953232105
8.409582172465342 8.234285075476944
8.609341436635848 8.316354326510623
9.625 7.725
9.533785935433832 7.708508375255302
9.32291918283882 7.625680413388591
9.623901291171459 7.715194237734226
9.437794966566567 7.902801089281935
9.780938622883522 7.719325883437184
9.325 8.325
9.55853179674033 8.396823015387932
9.084696923050405 8.448959659636753
9.080545085170174 8.09536726322643
9.122905502118305 8.459047470763355
9.20908586544417 8.562302529394861
9.05 8.5
9.136359397093873 8.424364527877566
8.996485808487032 8.355062374380111
8.959009503422086 8.847124648041886
8.76057959918781 8.448631204840101
8.918722958957327 8.480563075663222
8.6125 8.825
8.591915056248101 8.966207271766944
8.800944820727082 8.755779289974337
8.589060929287903 8.820934472493958
8.62608684048823 8.826152472910612
8.708525287235954 8.800930406690634
0.5 1.8125
0.41582092220466454 1.9502933579045731
0.42741751784124504 1.569102064650454
0.5062341465655853 1.8035356476285045
0.8548706875057969 1.8574591531880416
0.51089166909153 1.80288729698362
0.55 2.275
0.45991138133155507 2.214712975577025
0.7153997540778765 2.3029128314973817
0.5499780578554783 2.4445337465418064
0.5506161929524858 2.2192960540166338
0.4889469493002735 2.2077643768243407
1.6 0.6125
1.7328305159390733 0.6716093232326088
1.8885447869151157 0.36705438564094095
1.664392291570799 0.5118138044554541
1.3621663009968679 0.37703568379499475
1.4613151205337958 0.8103798926204334
2.6625 7.3125
2.316921100033144 7.176793565753309
2.4727053725736705 7.019275321707106
2.26636931216136 6.795992554292228
2.694497717281679 6.796496093376315
2.4555422832058422 7.028278186972605
2.425 6.9125
2.550298867173693 6.234138214908844
2.2621531152176204 6.249147727110082
2.55358626697011 6.181076223519402
2.514710094733255 6.24474778139717
2.444785592755153 6.069347397203823
2.6625 6.1
2.683340179166638 5.766724043547918
2.7613377150370573 6.139429853115983
2.889083759012191 5.727393821096422
2.478869341166406 5.852730770475371
2.5590990093667143 5.978729429827001
3.7875 7.225
3.4758491468008827 7.663399681574804
3.752428213653134 7.262029013879777
3.4538146974829593 7.528825962723799
3.7441177484342276 7.439498381757407
3.798752158266075 7.192294101739028
3.175 7.575
3.00868767715203 7.07260936533811
2.994840737247393 7.437031228003249
3.0385952787404658 7.377419100962181
2.8293439815822725 7.264011953790851
3.190484070202822 7.709360883312726
2.8 6.95
2.9153133434880028 6.711236467172415
2.768923053830573 6.3581149459573965
3.1504274783281128 6.6656014829799375
2.822120743265153 6.322887324757612
3.0937696095794704 6.851837419491869
3.325 6.3625
3.3169963945297782 6.611780658418991
3.490623376358497 6.42316084111101
3.5900403461829953 6.765384988309007
3.454963241324708 6.184902979346603
3.6964219774126486 6.453103465932159
3.8875 6.9375
3.634068792300211 7.221079741768731
3.904754014918147 7.002674363618576
3.914384115659393 6.926929406017095
4.1071942548749885 7.26986400838432
3.9697817459257223 7.101480321957945
3.2 7.35
2.8392019929574226 7.048750403474271
2.6296769987706865 7.215574032018144
2.610879934924406 7.046222897535776
2.8841043273044913 7.191478249556495
2.8835194710274736 7.12393775919583
3.2875 6.3
3.8210796260005955 6.834108043337577
3.717476379389776 6.626518248374664
3.8647403205727264 6.680312204368403
3.9854292250545678 6.5723460294898075
3.7103332159553988 6.434123841047546
3.925 7.1375
3.639638359390511 7.51858291957208
3.582727308695916 7.573497836353711
3.640859567602078 7.532921188974301
3.6349319593538985 7.548592529752597
3.303607805860955 7.526080208833227
2.9125 7.2625
2.5263646568251934 6.816634873909462
2.838749144397535 6.697538858802096
2.9822533369820725 6.775099106706134
2.5669648065446617 7.09762763611374
2.752810187627953 6.87169966944708
2.7875 6.55
3.2753150904301895 6.401027512572199
3.2517709873387566 6.086977000473142
3.315007827606223 6.124023124702872
3.2984845602112776 6.123013144444269
3.609080895694349 6.128483073346288
3.425 6.2375
3.740856597411809 6.259850868480255
3.489076390374156 6.275760952067457
3.559377590374016 6.555702938538803
3.5188947095456156 6.30499715262634
3.9163924529631053 6.745753542629127
3.9125 7.3125
3.762907231496907 7.259444159186718
3.625631421516362 7.505609681413839
3.609055039929521 7.30756627146428
3.6222024725850206 7.5242093601239075
3.8248946158037285 7.77532732120153
3.0125 7.625
2.7043974600113905 6.897575370121658
2.6701815544298286 6.9842184712983055
2.7819361529583913 6.879453220061781
2.58576708872287 6.858876148632582
2.516595572850006 7.040692974831113
2.6875 6.7875
2.7194557889815467 6.642546301710479
2.7961808342128434 6.641235261390447
2.972247720817068 6.372362900456614
2.7088299790901313 6.603967699671211
2.9374627553758272 6.327995080513594
3.375 7.2
3.528154412488184 7.011864614390791
3.1231909462027945 7.231593486736294
3.3984939791734172 7.05941357058483
3.3737942664896927 7.148718634573811
3.1871443041964755 7.470627844879393
3.425 7.0875
3.1166007663973723 6.7386949879016145
3.230110030861603 7.022409096465838
3.520885145028548 6.8678182209903635
3.539645638490031 6.777949145221082
3.284518983319008 6.809118707982035
2.6625 6.275
2.6657440581403136 6.460665772076024
2.952517778125814 6.403670405288688
2.598301102446029 6.346469080920551
2.5703742625581234 6.482575723417986
2.423438723970817 6.302150734080159
4.35 4.675
4.545269614722957 4.422784804310274
4.424865308935615 4.770906626697135
4.268707359127053 4.723126180661575
4.015840093510237 4.7681355906302425
4.135637199661635 4.892621102127352
4.3125 4.5125
4.596550863105807 4.246329896300368
4.340648475668653 3.9536017745220837
4.182056609642435 4.2909243027777855
4.280516597136991 4.317147010348447
4.5887593650578165 4.4847956397097715
4.4125 3.7875
4.400108972667224 3.518597576236684
4.421482943478978 3.9557059450178556
4.67240646137194 3.860193601170728
4.732376938565317 3.7989977573252327
4.292338404646794 4.056181088397527
4.375 4.15
4.015304755611854 4.132629097503246
4.1649661393488175 3.949938899534427
4.169682722716965 4.1820155365744345
4.220653855244684 4.141502081895965
4.491906532701657 4.2045254889308366
4.325 3.7875
4.304134148494171 3.3998722060159636
4.2279908115970395 3.821751853079184
4.378708160310531 3.6127282740957747
4.37517709123372 3.3689352330736937
4.39084978564735 3.452371643426095
4.55 3.35
4.953456922199595 3.3637030628937197
4.704274200942716 3.2811247670460473
4.866245929683357 2.852480643479815
4.67461754206571 3.033818605653353
4.966646077819037 2.964960696452033
4.8375 2.975
4.689055531508511 2.6711596369146378
5.0611986142034215 2.7985850271243167
4.869092410526051 2.5732623985366887
4.74246078616798 2.750260623225124
5.287435881783606 2.7593657078536564
5.075 2.8
4.9604840555435 2.6460398260632827
5.141300213830457 2.5887414795532466
5.434681584134028 2.6285793887446447
5.138265137658022 2.89345114668933
5.115038133998931 2.714248900490401
5.3125 2.675
5.356114823151406 2.717053741737854
5.783696409786121 2.662953488206304
5.478899298405261 2.658846378782967
5.445638499797646 2.4004437384538364
5.602978846761512 2.4400795505217316
5.675 2.5375
5.5507935087349 2.7596707506434313
5.851735802862234 2.5014076104333527
5.661574119209961 2.7846717897964126
5.549937879047117 2.651880676678752
5.511878593701335 2.6450044272726485
5.8 2.5125
5.973564059243667 2.4746947309372915
5.9869016468043945 2.5485189354962685
5.96728159920495 2.4549779941760077
5.680838296696451 2.27485320227552
5.845689749539919 2.7045280506165894
6.2625 2.4125
6.497754273450839 2.7106271034475213
6.40208914134057 2.3170418505220014
6.435991555371665 2.429453182460365
6.117562116494378 2.3197285416186744
6.140013433526536 2.2491761110159474
6.4625 2.4375
6.300584634918975 2.2652335609965846
6.569429992270959 2.2424157405755567
6.679549271262505 2.4266317928059054
6.740065645473879 2.358753513940731
6.444014539328583 2.4856469888312605
6.7 2.475
6.83016059521614 2.504354563021798
7.025435019546363 2.511561155137605
6.822399912099231 2.3840005526022465
7.182314254477634 2.6468645796189234
7.210502641431695 2.6399109485980548
7.2 2.5625
7.482651436438798 2.781247514711714
7.586460238893281 2.8181074831088266
7.613093041263648 2.7842968999511855
7.868402714343034 2.7323316860678633
7.457022761878339 2.853754588898859
7.6 2.85
7.727082502759333 2.9850564973478795
7.6499125129934 2.9425022446600577
7.622888622567517 2.8562588516241805
7.72900190920484 2.7322131812108226
7.71333257865807 2.8959728897022132
7.725 2.9875
7.856145651427544 3.634647493045931
7.671364922052599 3.2624307241654464
8.047631356867774 3.347514311407413
7.80790660294969 3.2761543152568025
7.743235609643753 3.360896551109178
7.8 3.6625
7.8513973507597585 3.849271340601038
7.668661214949978 3.5464907645654593
7.71692470781109 4.002836843805754
7.912456625284568 3.535476075610275
7.743751824383783 3.7889990403907454
7.6875 4.0625
7.703584585391371 4.3057005333140355
7.459533774978702 4.040402016158947
7.679273945038308 4.183246683075439
7.708286136684239 4.269167714288263
7.633498060342427 4.10392444943654
7.4375 4.7
7.060688620519128 4.7421170401026895
7.230963692135093 5.0354044397541555
7.432641882825147 5.131092075086718
7.217838478944152 4.991991970093453
7.221151137552633 4.911572892492606
7.0875 5.225
6.8323380959067865 5.496725663998947
7.103776391415117 5.246590930014555
6.8605545915543305 5.244192420611394
6.641561809151126 5.312057024394891
7.293973993163715 5.4185569958320245
6.7125 5.6125
6.661725209527823 5.729333939821722
6.1892643567071595 5.60304897552451
6.514818294095866 5.6861391545521265
6.475942273343729 5.579345608758489
6.5027508871595945 5.366222245122744
6.1875 5.6625
6.225527154581254 5.71018569163311
6.17178803933489 5.865790901009506
6.117786214899569 5.5197721348063356
6.065411411371432 6.030997018252647
6.161687758238419 5.624341168940534
5.8625 5.7
5.6070413596330315 6.04446798576755
5.878117547671003 5.483622235866376
5.593493715548498 5.838626326074268
5.71984164024175 5.652838429403571
5.396776673223238 5.542092329007473
5.2625 5.5625
4.870597107857412 5.262328698369915
4.953088329173068 5.7068611268313925
5.001400031454243 5.55596700768893
5.172076439383536 5.244452255496483
4.935089580363615 5.29713763636534
4.8625 5.4375
4.8172274859919195 5.58920915252441
4.524118293065784 4.996649239767626
4.92919755795807 5.2888644586096145
4.958364699992177 5.124750438013061
4.682987755977735 5.324419935464578
4.55 5.15
4.40253984261984 4.8287646709411245
4.26850220539552 4.749610566356069
4.562835899434537 4.89366564999717
4.359698333556195 4.871848972738691
4.256623881801899 4.785597346424705
4.35 4.65
4.39173363583072 4.277346053068452
4.38047998980579 4.408746108289905
4.6216701584831235 4.227340088143889
4.6336629366605555 4.404984108044266
4.450697453469972 4.665195731619198
4.35 4.35
4.5051943299328725 4.038826897688289
4.165479499334371 4.386004319109928
4.530577264181341 4.265814697054928
4.283449112851925 4.35844257037505
4.357329426607966 4.181287420585697
5.2125 5.4875
5.317802842163055 5.243252980473025
5.193964748969532 5.456226300773647
5.3002584063606255 5.409856870330608
5.137626342304931 5.55585241144504
5.378770343980168 5.394622690061507
5.5375 5.6625
5.86997249855792 5.800568288960019
5.723789648209467 5.69374306630973
5.900011100646479 5.709582763044645
5.756633481943665 5.666768428068421
5.679774307191802 5.373651248293721
6.2125 5.6625
6.631693792809244 5.697039495062341
6.460400369788372 5.596223877342172
6.016175170319813 5.704771532016346
6.091928202451508 5.605951075416734
6.189453785278434 5.659783752934755
6.5875 5.5125
6.89454250733108 5.179481306407904
7.014554919619373 5.410038456393335
6.615358927313897 5.384240149991042
6.757228986145432 5.541561662963773
6.351166362892908 5.583058838925513
7.075 4.975
6.82506921191019 4.78702971439598
7.357150815645515 4.912591483774486
7.362816221798516 4.791066491853276
7.02738577619459 4.888554437321309
7.212018150194096 4.929130494331252
7.3 4.575
7.596917774172928 4.64480371965076
7.090091318395513 4.28058156886615
7.129504939556762 4.448351305066133
7.614525085693758 4.505635492157603
7.513051623525132 4.4678382141461555
7.55 4.0125
7.671348506300236 3.9703710049504815
7.672612171291243 4.242336817147301
7.492067578348984 3.8426430694233056
7.633473060715438 4.033276325237391
7.682244539081853 3.9942141466779844
7.575 3.4
7.348303471478724 2.740835466101811
7.13175813589517 3.2074491569662924
7.159039434657468 3.1950383743942554
7.399590936419665 3.101626054426954
7.112923272487021 2.8533189872073748
7.2875 3.0375
7.055141555002336 2.8472875273353155
7.136654312029054 2.505857897998389
7.012692903402895 2.94551410820241
6.702923118649776 2.904790611082258
6.941853915657829 2.7568641720180382
6.9625 2.8125
6.7506343472324986 2.6200581112456773
7.049652265679183 2.887204155238514
7.046188603689745 2.704150973384391
6.857117073494005 2.920495289728163
6.501655579751327 2.5439690857002857
4.325 3.25
4.434533375505948 3.119015883386335
4.026709384648906 3.2395026042213915
4.33864617231018 3.2472941739651815
4.495572557324445 3.314231007183335
4.266529532439993 3.0592694529457902
5.925 4.0125
5.688766125700669 4.068192472194242
5.8019087274820915 4.079341380290373
5.850352942947407 3.9958750555972555
5.792272014021829 4.072730347676439
5.864813464585479 3.860587376843225
5.9125 4.05
5.949016496682181 4.134650064912863
5.762820919269464 4.305246906145846
5.950804621733611 4.208654300901057
5.918637709061586 4.189368883468824
5.6542725669183245 4.300202486664891
5.9125 4.05
5.880647893060445 4.09232140523325
6.1531903234583085 3.971948783767293
6.1075513800490056 3.9737696884742393
6.005153527329798 4.185592866277078
5.834595441222105 3.914801050909337
5.925 4.05
5.9049975726650255 4.01118248922628
5.879727785993859 3.75475316693295
6.02219364432253 4.004647421551107
6.270046335227405 4.086647693765186
5.80514103012083 3.987892394976086
5.925 4.025
6.1029225867286545 4.20458659734413
5.774851093680338 4.222238963288665
5.617647426829512 4.144801671598996
6.111794720207575 3.8265855683606262
6.1302453907279135 4.160706624325112
6.0375 4.0375
5.930046847534187 4.2344546042103595
6.218583685040298 4.249377253649091
5.878822355877563 3.9360961012281237
6.031534483663734 4.042425182108179
6.256129506597853 3.8527901572808583
4.2 3.8
4.075530007208451 3.7585552779418583
4.0396494178167055 3.8945390261551482
3.963464120807793 3.925343518624743
3.859185788464914 3.6918373674758236
4.256023170205049 3.7667866676158064
3.0125 6.3625
2.9918679831826585 6.226430603802944
2.799789430753186 6.252541246116045
2.8256615631349 6.339867037961032
3.072259100088643 6.3705003938834235
2.9995785447588896 6.3192248942826446
2.9875 6.175
3.1878601824840835 6.558117651180464
3.111415805234164 6.6708675221429505
3.118854735193894 6.379891749932718
3.1246781080439776 6.4103320068923395
3.2246289461985946 6.540479414244947
3.2 6.4875
3.079113164517179 6.7366222914625356
3.5999789602287655 6.515584925754442
3.274264837035504 6.564261334035564
3.3786412922857436 6.423905162125041
3.451033342455136 6.5509653836856145
3.2625 6.7625
3.2905581915186004 6.950315320656261
3.310004506669658 6.942540231372982
3.1567305243883363 6.820448581282541
3.2057710853475725 6.808737217875219
3.0650676239480967 6.6811638118441845
6.312487665035061 1.3779618755621348
9.537427979360375 5.64807925362029
0.8590405493078612 0.7093102822959407
2.710891080557518 7.790359929792688
3.8072632416146712 3.3560203944932754
8.120237567883885 6.825933701856519
