1.5875 8.525
1.925 7.65
3 7.775
2.125 8.425
1.9121407070779295 8.21831328633668
1.4634877946160434 8.564574265988815
1.8208062241672045 7.877348083069945
1.7509296988171492 8.362258770796071
2.304201649599867 8.665484716670004
2.675 8.4875
2.466438400614333 8.333177929618918
2.837869497393664 8.603610578460255
2.7922316922458084 8.261983022790222
1.8907075379154137 8.470011038242585
1.9916383324394087 8.898020431421964
1.4875 8.025
1.0825667327441226 7.966516038476049
1.5122933060712527 7.685991173681697
1.322075628482891 7.966495396666561
1.223463206059907 8.173814089611572
1.7618152192841372 7.250328765588472
1.7125 7.225
2.461533543541729 7.403481597639849
2.115479305832294 6.917782293079571
2.2601296215662456 7.369388106309559
2.403966180652635 7.081764737802383
2.3452463607752168 7.107383989848219
2.8 7.7375
2.31244956832922 8.08734131288431
2.7319031567858247 8.462198652414603
2.3400749560101226 8.044184849677343
2.615514321983871 8.340365096108695
2.543532262128566 7.820246309531521
2.1875 8.1375
1.935630608561923 7.974617224905293
1.3122234995807154 7.809316022205053
1.428316027050866 7.5465247928509225
2.1014339310896437 7.5942555119603075
2.2124686565865055 7.935849102284114
1.75 7.15
2.10808033101985 6.956384159902683
2.1090060375867 6.821981384674009
1.9654818779614291 6.644853429734643
2.48470812436072 7.086314189968254
2.411493702982893 6.6636116617684
2.625 8.95
1.4124843233771769 8.469008129881784
1.3972762807219 8.498417726813763
1.3827558497332384 8.57954522462604
1.2779599139867799 8.64118017789931
1.3696549236295013 9.024997521738111
1.0375 7.4875
2.7039666810658014 6.371472421299294
1.9357930334475 6.547111574328047
2.5578025607549857 6.457511192791394
2.094931308611295 6.26777769369144
2.5102218350363232 6.66312047830796
3.7875 7.75
3.956565313953559 8.069786520729163
3.7037640335153377 8.537057046365305
3.991762570902675 8.159424360716306
3.515076456716018 7.885660796898658
3.7482571138683403 7.911683253486785
3.0875 8.9
2.0114657667679685 9.144969919884133
1.9493580356847198 8.87973735415321
1.7342364424382484 8.781421761115485
1.9061307922084905 8.916726997198847
1.6513888127875531 9.156267807149193
0.775 6.7125
0.8866157244948368 6.767286187222647
1.025617669121145 6.544562967442422
0.43819023453219624 6.733381442805339
1.0630292012287383 7.138451044496475
0.9401722322166703 6.896622231831077
1.9125 6.4625
2.4443093222755614 6.602214066437223
2.13192220727123 6.458597519673573
2.463771265462082 6.291674059452885
2.0068798352678647 6.425185400381432
1.874219698035984 6.489107742032016
4.175 7.325
4.541246478173582 7.5480119508961705
3.6594429066582785 7.614229518281332
4.57357071946367 7.797684857986975
3.8103882015514734 7.420865885986421
4.552590476581842 7.766668596621315
3.85 7.9375
2.852130282853566 7.757444390516452
2.981542642730047 7.857351367817555
3.606020573973904 8.267963659537646
3.559364587682732 8.123205777738267
3.3238787513781403 7.757834786061747
2.5125 7
3.0837727752992268 7.186931182010682
2.6203116464482563 6.779705778791746
2.4673327552155007 6.750966798207367
3.0745530252038944 7.178000762420835
3.33131262751368 6.9916708700261
3.3125 6.55
3.221541739169352 7.0737501334699235
3.187751592914854 7.218770853670473
3.0320248703606634 7.167765589799403
2.8964817641608684 7.519471438688282
2.7480268940434653 6.782507972752583
2.7 7.2875
2.15585537921464 6.97553912267068
2.4338505815161326 6.808125525934652
1.6213804063575252 7.161223850381165
2.0721177507068065 7.292679823599551
1.9536975744394482 7.179415391121568
1.6375 6.775
1.6060240312480534 6.335561846690824
1.7941904716129025 7.104596866510953
1.3856052170560897 7.006937552840124
1.8842096018814765 6.698860887530058
1.5324798380836988 6.685589094998747
1.4875 8.5875
1.021118793846724 8.254150596597764
0.724043582234149 8.262104343394835
1.3400944742755434 8.187472939708115
0.908388116490514 8.043209899310835
1.074997062401383 8.106147964461227
1 7.2625
1.3338016204257093 7.234470041234618
1.3363418564321468 7.282452684527082
1.6092697590445262 6.931561711755615
0.806445632422666 7.151686536705844
1.0921350800705198 7.063275262476381
1.825 8.825
1.2429006495848696 8.018048110982976
1.2714870136034746 8.460192399730154
1.2050307876287962 8.38004985608453
1.3294944422108466 8.361896967076621
0.7347553348065844 8.39917552363885
3.6625 7.125
3.9123436125746407 7.580180437253989
3.406993665773121 7.524338917275784
3.778624581774757 7.921156946074314
3.9263950313843368 7.669954426164511
3.673812384041901 7.68527575232267
3.7 7.675
3.7656908384398617 7.723325874219387
3.7441045109995046 7.661702673797251
3.642046343734002 7.3573251529410255
3.4795794500328183 7.297432826713608
3.6676050850819855 7.278569857822949
3.55 7.9
3.3942496342045123 8.87087641186023
3.333974678247091 8.649793226229798
3.7275827885682915 8.25256399391398
3.0005208596163255 9.035075299957613
3.3628742597987356 8.716672637512811
3.25 8.9875
2.622985116793202 9.342384136047619
2.8609928753741793 8.895958370656608
3.1592839691315513 9.400742352532882
2.69825279239933 8.721552759070692
2.8707188061365985 8.996761142423171
2.525 8.9125
1.9370961932755517 7.975344053163555
1.746303338478765 8.178986547970725
2.077265003533756 8.560378970548474
2.253234268489617 8.47213917302572
2.0677988122678976 8.337448887196262
1.525 7.9125
2.070100104480935 6.989223067962695
1.8611504440770243 7.518303190498355
1.40387040097241 7.526042844450612
1.3709054111836436 7.422401896644061
2.1416109240200676 7.175985981027722
2.85 7.0375
3.2926095243508464 8.470981445728588
3.589838570941789 8.150865268423091
3.0975983500084077 8.312354036865809
3.875160771212495 7.745993008335333
3.4670065482427517 8.076779869601221
3.6875 8.5875
2.9349667381310525 8.531939482832009
3.1035373889636553 8.734239444148775
2.6440910463712286 8.828860692532174
3.2668916930773753 8.56313297682934
2.872068717659732 8.839738864763016
1.725 7.3375
3.897498759378247 6.403959389592029
3.1223501559085993 6.94751074493319
3.710177026472908 6.095896432528382
3.4256929634893574 6.412337422566678
3.124956851306026 6.445686585086259
3.6125 7.7
3.1293068189271995 7.932418062994576
3.179324249276433 8.078376055849542
3.2189152778962837 7.885701987565459
3.078599283290834 8.062684156664645
2.7095318377767237 7.566322832662294
2.4 8.2625
1.5788718738488845 7.399386946143162
1.5056756216184741 7.539959009503773
2.1639810287894448 7.744247508770405
1.7291914579300378 7.369397280050604
1.791929503764905 7.488168227849554
1.7875 6.9375
2.439207534722939 6.607911517834937
2.4206378848106804 7.091343358997939
2.0451295393886855 6.724103643679804
2.184599953264919 7.136413732661184
2.321061751053772 6.935030497825703
3.1125 7.175
2.167167429873566 6.009589124598109
2.047820349441991 5.626144453663707
2.034827977162516 6.035640174182268
2.0283224853291424 5.272961050516234
1.9294027686302093 5.964073585202533
2.4625 5.975
3.1161158683205787 6.243379604336743
3.3781510990866805 6.320636469107625
3.215402572344189 6.444899735465043
2.9233438862494876 6.192870623104118
3.251562404380992 6.498327722118972
1.075 6.6
1.4773207210062211 6.651721668696783
1.5023718561756059 6.247050400109816
1.2249915631976305 6.475997237550596
1.4276369518459782 6.748281879270027
0.8750767705487293 6.299391445599641
1.8 6.15
2.621695522187846 6.305835200169421
2.961481652745258 6.550010963703153
2.389839887534594 6.149241821774836
2.3298186906614844 6.605671929565965
2.7435288120405574 6.130590956251128
3.625 7.075
3.6550686535436734 7.176978333349373
3.4558260464242094 7.103256493578067
3.6154997593658558 7.181243077701701
3.87895684428903 6.974898156008339
3.6406856066253246 7.344056352985772
3.7125 7.45
3.999866018377942 7.868797319541573
3.6895997442030035 7.986503167064621
3.8759207169662715 7.884622766890217
3.892376831852424 7.661608615928598
3.4540109194995283 7.2868047868822625
2.4125 6.575
2.5989136414386382 6.457071343297544
2.464313565265778 6.924671634284446
2.383442873448509 6.348388766276329
2.1825705283307024 5.909069465286079
2.6935945279789952 6.54419394596068
2.375 6.1875
2.845855033182893 6.2980674464034045
2.609184053769898 6.305662478961787
2.088733846327364 5.943316368137302
2.3304344237579775 5.617130096692912
2.474631319576119 6.224519253937017
2.6625 6.1625
2.8601061648357176 6.293558473244262
2.884950754417969 6.055197342888436
2.8156964561258544 6.147851783250501
3.193639571576924 6.1329308762755055
3.092814270058263 5.812254062340229
3.3625 6.3125
3.613434199416196 6.67057133200444
3.304380074979133 6.091210475887523
2.987228861299191 6.6851058457551975
3.391650188170884 6.450807353935017
3.834647680679563 6.606285160559594
3.775 6.8
3.6216251455141775 7.38918912406516
4.006937935008733 6.971627609036045
3.358450137046952 7.050462268041588
4.195504886200432 7.068756612503504
3.6426008020202274 6.814842121683128
3.85 7.1125
3.8550224963404167 7.738758225911009
3.438598401680811 7.740531190434102
3.123172306163389 7.260602018910869
3.285393788499389 7.846640058292
4.142554865169301 7.254791764935575
2.975 8.275
2.333193775263914 8.789396099829741
2.020557254259324 8.533823900070605
2.651523572891603 8.422088470491152
2.535670803821128 8.366096075570223
2.380295944795113 8.938676984196588
2.1 8.5125
1.0989198174097727 8.215805224042052
1.8408869156939605 8.386343052986453
1.5577316675705808 8.446332145053285
1.2906898914671765 8.177555151179869
1.8371786060576138 8.105612625487652
0.875 6.925
1.2683937220313914 7.023582143947058
0.3214875436823338 6.947825438100051
1.0990201563336328 6.800463172459109
0.8789084942437985 6.838274017811736
0.6621222706901712 6.668566911969518
1.1375 6.275
0.7217330269587952 6.037009056101112
1.1350688961556308 5.5447984607519825
0.9083838847840566 5.71165081017499
1.4901572856600551 5.580155218283299
1.547330212132881 5.951516758009649
1.8375 5.675
2.413954843811052 6.195327319193579
2.1079584506224296 5.804354676453508
2.1219251109481396 5.9714911315510815
2.5456756643381313 5.599761042429294
2.110159385211127 5.77356406128633
6.3 3.1
6.157014309118682 2.4909448270112207
6.26145660629726 2.9639782019665404
6.037703085543429 3.0057773215270287
5.63573090763455 3.345995113221062
6.192341341519556 2.8451983190705095
5.9375 2.45
5.812114441865547 2.1354720428253797
6.065567775768345 2.042419418444035
5.9291855115096554 2.277794234225577
5.942522551371687 1.4905088897124983
5.737539050876697 2.630996675142531
6.4 1.6
8.788019783422854 1.8164307032057678
8.08345439293998 1.2164327966606208
8.423978673461361 1.3749785280513636
8.385653607359979 1.9050084098542797
8.64163015080039 1.4463631909944965
8.5125 1.825
8.392417592811643 2.168461976634757
8.586823769480485 1.6757771981825613
9.046931852195646 2.3040891621499626
8.45159735777366 2.054700755948848
8.61832482678237 2.0970956619991328
8.325 3
7.412241530046697 3.7265897732018445
7.667145212100967 3.6912176803688737
8.062360554849977 2.9689773779249378
7.3277477649812806 3.254206780271292
7.61323561555798 3.243577544512719
7.325 2.875
6.933327866405946 1.7653880534035848
7.02955766935648 1.5366092480392624
6.977924900018991 1.674624973180589
6.468794184441679 1.4175737800125519
7.058406817229051 1.4700042759041623
7.3125 1.3375
8.242371008819564 1.567788087343537
7.863329614313608 1.2541055021120726
8.128552846814188 1.357518314160707
7.353448277275699 1.3664352543757574
8.46842638308657 1.61997027336581
8.3625 1.8375
8.230574461621416 2.0629123305774852
7.9123905549546105 2.5536685981822047
8.469592797932783 2.562327887093511
8.597569064082837 2.632452818393415
8.281493948731107 2.0958643270816553
7.8125 3.1875
7.187637774511645 3.5470294032949865
7.392146459970793 3.164589140166181
6.90384749441399 3.3890332160816543
7.00735744999521 3.1557826711335464
7.678725247769893 3.286502299136707
7.125 2.9
7.0030071739999045 2.3685178712176738
7.0003737531230055 2.292193977908164
7.338501367329978 2.3665822257428886
6.70749747680547 2.5352886773286913
6.780920690218065 2.5091019273301356
7.075 2
7.69600563333785 1.7379095775828532
7.625316862214807 2.0132528959846865
7.6660572819365 1.7968924546620286
7.600621419986657 1.5890078808121786
7.9587807617414565 2.2096435689251224
7.8625 1.9625
7.469690407468472 2.290529617291476
8.174384729940058 2.510074429695038
8.188816606003702 2.7367193051867558
7.7135002117925096 2.3383048188538256
7.6454995613531125 2.503447905856473
6.8875 2.525
6.630796718222737 2.4103625013634242
6.92686074980337 2.5147437554756196
6.713297261906442 2.244054562238823
6.743624723116999 2.295300363335565
6.612947380434884 1.9851263122025018
6.7625 1.4
6.764586402642645 0.7606779658813437
6.841207319824342 1.6242450401846298
6.986173543806234 1.1424770290047832
6.526805434360504 0.9673373963240494
7.149542949769699 1.3008186242997184
7.475 0.85
8.23752094509605 1.3024771331116938
8.70909047657962 1.2645656240866259
8.550291304258494 1.1533146691844465
8.73900166334532 1.4010032706087998
9.034637726555726 1.513004318245106
8.475 2.6375
8.32054025431369 3.1747508989762765
8.123108557897297 3.307951924644749
8.258005127072188 3.1384078085702596
8.133260140559278 3.2051999264134254
8.293264807269296 2.6095672069621956
7.6125 3.25
7.227548586608056 2.3629282912656904
6.924331934702652 2.862969160457607
6.955340015772995 2.6372668979450538
6.728708920609239 2.7697343823181044
6.977654349393485 3.1872958045437643
6.7 2.4125
6.2584031755194935 1.4476050246959005
6.818426349433581 1.7614293119893787
6.441856675282819 1.120561820524577
6.227844242628187 1.4762901808131033
6.58812744019354 1.261769357482946
7.5375 0.825
8.792277050616118 0.9332032878912202
8.32792484961812 1.257015679209043
8.666093952246039 0.8898387287666651
8.286109487637978 0.9688725777571335
8.747089733506938 0.692040075289448
8.6375 2.275
7.910568735312699 2.972950971914602
8.364557300857026 3.097540203863572
7.813880875533559 2.742040551018809
8.45741490580284 3.6475311529149956
8.247881510079887 3.177083450051781
8.0375 3.5125
7.186171224128759 3.533754957531579
7.083932897894252 3.817113965860969
6.807474606085175 3.6154945217482313
7.219174341904501 3.433239389217603
7.137924564753135 3.8108407118520575
7.0125 3.3
6.781258543573939 2.1550714226581804
6.326624239719212 1.978080344079561
6.040531075819294 2.373678523639289
6.425570680469237 2.6144212313162685
6.162904950184361 2.6980740512145616
6.5 1.925
7.611490827166074 1.1439154540562897
6.992658300909556 0.855650312308039
7.333908964610439 0.7518778718016108
6.732497569353964 1.0228019702960212
7.047199590003046 1.1050412112741852
7.3625 0.8625
8.032587142121157 0.8029236673090111
7.688600958676264 0.4032203280845749
7.985146884463683 0.8232514045264253
7.987815721587654 0.5544178712843106
7.869338807460359 0.9151769939246549
8.175 0.85
7.9564280549545 0.9789726988425358
7.778977850811667 0.807263077290797
8.180347271770056 0.7550015438636237
8.289991806332624 0.9208274043473764
8.074847991060293 0.9705896445441013
8.15 0.8125
5.848993291985937 1.477297674927898
5.845189827605656 1.7685213615461166
6.07632016084831 1.748824720930422
6.103465137350765 1.0968299828616126
5.990167595734528 1.2592734895713078
6.3375 2.025
6.790682104684853 2.8143254034350873
6.338404753367397 2.6381680196251893
6.614554135614649 2.4031593240488633
6.4331787904248525 2.1661215778138896
6.912634176783302 2.4907564067824666
6.9625 3.075
7.0071066539903395 3.067017817791066
7.676069404265197 2.9696235564374605
6.813607330589647 3.5720991573523717
6.82058258419683 3.656152385778514
7.171041648935774 3.072698369504553
7.5 3.375
8.34885168586553 3.429927735631624
7.696807363953402 3.8024081559075413
8.450334805555592 3.0661053634097657
7.888478117595829 3.2100721560226146
7.909371229090281 3.0231377859789506
7.7375 3.425
7.645024044135742 3.315042745445342
7.087096047226242 3.4211509099241924
6.91286913152703 3.063097242795564
7.602683180875852 3.255987763942973
7.296773247897453 3.715522261920146
6.6875 3.1875
6.19592672627575 2.618898114368828
6.206124023499697 2.5282683918295135
6.288523500586605 2.1341474360350374
6.108417406026264 2.6151444358377005
6.371037279088126 3.142414125003545
6.0625 2.375
5.766521092858314 1.573554655968762
5.952777696580581 1.8664663850609926
6.458516709773457 1.521776103121725
6.1685627090925355 1.643323285473521
5.611347080838739 1.1730765706996464
6.45 0.8625
7.0546497284956455 0.5713816890365692
6.8865997313715654 0.6359966290688135
6.89802372064604 0.841433777113366
6.7772756977871085 0.6743270416373577
7.078374792629061 0.5488084788088514
7.1125 0.5625
7.274065856692367 0.6157959151672671
7.541141470881892 0.36067221468867955
7.859286374204821 0.44133537025395386
7.142937109627407 0.24875486934067084
7.56321733328361 0.45534190231452387
7.6625 0.4875
7.693049260337273 0.1883835601388924
7.521483095059563 0.5536399133978932
7.895976119699976 0.5461742570975489
7.376324140931535 0.5565011086362233
8.3875 0.55
8.8009918309601 0.9477974359513454
9.170385649908665 1.0289942291764163
8.567773094936909 0.9228964375895771
9.038420372098324 1.2269683112347878
9.272202769944126 1.135906218772152
9.075 1.4
9.590012670400117 1.7546704985856636
9.404675597083402 2.086380113651906
9.43129237589775 1.4838749436086105
9.08758517780578 1.2284123892368926
8.631230894942664 1.2657033020428543
9 2.175
9.097353787332736 2.4097958072937145
9.101758505970045 2.470801694296951
9.015095965056823 2.3046060573176446
9.055777873615646 2.476588832247144
8.52237925338892 2.6464232618604213
8.8625 3.05
9.042621312365627 3.293506616871383
8.672111286164597 2.756369716296382
8.235915268773056 3.5043332156669864
8.451557708353604 3.438334285625403
8.641919159320857 3.381616912931578
7.7625 3.4
7.598402571864949 3.3602780254455027
7.567589036087925 3.456779483713788
7.673766543344629 3.7048678862329583
7.947358262352286 3.501720629749596
7.554740058677487 3.466138631534727
7.0875 3.1875
7.001255558403085 2.610188338111901
6.837475487066106 2.881460564388706
7.381717483546517 2.6470054825323657
7.050016427626934 3.087749450542512
6.79106483400782 2.8879025552349944
6.7625 2.525
6.905112900897886 2.1522626470785995
7.303492734049579 1.6604131679386414
6.800025253100088 1.6776137792658203
6.961206083493534 2.3350089635293925
6.891922898475064 2.042728515780719
7.2125 1.5875
8.103198593150209 1.619449384863246
7.8408382406936425 1.5049082080388048
7.806780183339183 1.7429887495654668
7.549993113918231 1.7796291301993095
7.855172318002476 1.9375008651871326
8.05 1.775
7.939825464338616 2.1815058441190174
8.28982156080576 1.379677210324158
8.05510624285174 1.8062553195513416
8.187582791094325 1.7864456480908202
8.29510700669646 2.452048759639953
8.0875 2.2375
7.954582100649544 2.236358501246433
7.451706793431525 2.7236721346901676
7.971528292806862 2.5849535976857183
7.838343545354367 2.599982992652298
7.746756254296298 2.3331153266422304
7.7625 2.3375
7.373598214097076 1.8856637495316846
7.350452454926976 2.4761087163663986
7.687189928628155 2.338420995752672
7.647806870655917 2.2972655415682097
7.735935526528181 2.683667887343236
7.6375 2.225
7.352965743233705 2.213122116784858
7.8084842557556 1.559099793250003
7.427035211006691 1.992487312340333
7.230302083673104 1.4235320518993362
8.013600689534503 1.7610149349565902
7.4625 1.5625
7.742397329450919 1.6243570655601602
7.914886874694555 1.4296045642416715
7.438728012238686 1.2384510042827614
7.956573975354051 1.6791917736387305
7.8556399487142725 1.0677208543417862
8.475 2.3125
8.169769234185527 2.915362845010992
8.060930661854234 2.7240945783068384
8.183304704397145 2.597634103454574
7.621452829745891 2.422382926652054
8.68214432212055 2.3580803518146225
7.8375 2.8
7.955219230612885 2.4560215120402646
7.981861341651156 2.725324530404241
7.3277313244853275 3.0977009981460126
8.204623265034659 2.664886064831978
7.9780514192775716 2.311305872966662
8.175 1.6375
8.557015734729408 1.403054358354747
8.842916314453287 1.7365988493252302
8.500716277821855 1.3534629664449525
9.19360239119638 1.6604106483255705
8.429485778096026 1.6137394920273223
9 1.675
9.043274826240143 1.7328244134416706
9.224454904775593 2.233086705357897
9.017327831093887 1.6825892338642063
8.403113158905189 1.7153679556633037
8.948625535519625 1.2384891085812655
2.4 8.0125
2.3868241801767924 8.15367643929112
2.270128056386442 7.762531339999495
2.537346657518756 7.67198755206083
2.0702700606701314 7.7936933026267
2.4066970717682135 7.835677731743492
1.85 7.825
1.169063900574472 6.995105368991505
0.9372570279335332 7.521047616494196
1.906469486496843 7.404342929496518
1.2883285890883398 7.7578202630791155
0.9819293815366098 7.152632527006245
1.1875 7.3125
1.5039449865661854 7.359529731688975
0.8367692381640675 7.198290225733859
0.7789741835373675 6.6991461335188065
1.4548025671585285 7.600604355461013
1.3522688644252612 6.5989350595912075
1.2375 7.9625
0.811204992858823 7.19137472709112
0.3544811831115505 8.031377040271515
0.8920783889311638 7.338741184286181
0.860823811467258 7.539841698308024
0.9211608769358394 7.621893651335389
0.65 7.35
0.8108862374870137 7.369113974256713
0.6537875084749807 7.009253897777609
0.4260815686922214 7.1841582253260885
0.6982670980494371 6.355270271064097
0.6260025450508937 6.668349625781778
0.9125 7.525
0.8000648056026506 7.733826645228123
1.044414494072841 7.517130149152301
0.479074519378231 7.9787685307021565
0.7540206595822878 7.61906063162929
1.0660988657548727 7.482826514783506
1.1375 7.65
1.2661005562826826 7.82515122014988
1.7678022413855434 7.544954494228165
1.2395708378458519 7.725356497633653
1.4226362321166197 7.702577481465082
1.5261835475414227 7.448562940895991
2.8875 7.9625
3.5766312122108053 8.022150933152329
3.094539190211674 8.178881459436969
2.6147528447167785 7.769833481366154
2.8728523146480613 7.813306823642625
3.1077459383429606 7.591037423215672
3.25 7.8375
3.3059737062099352 7.353326819366693
3.785402776386026 7.403084317226569
3.0444240190475984 7.647117454928415
3.3571170469478155 7.480832604364103
3.282083671055492 7.342816027247141
3.1875 7.2
3.0346609035037404 6.648800833005697
2.8119970758460577 6.950236989792489
3.1028693625401815 6.626807130870691
2.839438292194583 6.940368274965034
2.8985917156529943 6.6866362819353755
2.525 7.25
1.9614758808976815 7.354757706277988
2.791762022079147 7.478788633016828
2.5456545995511517 7.77437906261571
2.47760601429808 7.532906468328216
2.496655788558991 7.616931842177122
2.5 7.6625
2.141841388201515 7.95363041391829
2.2569966116323585 7.9239348398969325
2.228492728760053 7.420152528907852
2.4261858300219084 7.481715341793736
2.1096973555152063 7.980738085461139
3.6875 6.125
3.95 5.8875
4.2125 5.675
4.2875 5.5375
4.45 5.275
4.6125 4.9875
4.1375 5.45
4.5 5.0125
4.85 4.9125
5.0875 4.6875
5.2125 4.5875
5.4125 4.375
5.55 4.1875
5.8875 3.825
6.0625 3.725
6.325 3.4875
5.7375 4.0625
6.55 3.375
9.078335454670174 5.839837432686679
5.815308048512023 5.562981053518216
3.0418924587487517 5.929675495609437
4.919390268555217 7.27523841015641
9.215010610490314 4.372121385339676
9.428049872252927 7.1164407236308325
