1.4375 8.9625
1.3892398645675372 8.972465863091468
1.582006162937852 8.62951552978455
1.4239290377322278 8.925224408048114
1.3916967827121665 8.743951090682613
0.9103739018351444 8.57609917726677
1.4375 8.7375
1.41699764917163 8.761107227862476
1.7529925529409502 8.283581442253668
1.4299109721383265 8.712438583384404
1.1844972326381118 9.07093899212059
1.467386964130478 8.804274741918247
1.425 8.625
2.0127757026962985 8.752817137292913
1.7497667890279651 9.063634042941796
1.491172654013584 8.495077713757217
1.4439218509870715 8.60229133501123
1.4068092273406978 8.61240164365507
1.425 8.525
1.77418729459744 8.052998495755853
1.413242669714679 8.467507907293932
0.8517824461458752 8.325975002725789
1.385302790539153 8.356125280296865
1.5073961877126183 8.362788499151367
1.4125 8.425
1.4141814687178644 8.380247370220287
1.375361704297023 8.312241165813541
1.468754701823817 8.448367198434214
1.4367793989130426 8.40555665640344
1.3408784961580875 8.271032902034621
1.4125 8.2125
1.8643463359972716 8.318157880649085
1.0832499101097048 8.34070874302666
1.3856381631813752 8.201217761474547
1.683219773192398 8.087368709267263
1.257052425658286 7.837645213910204
1.4 7.9875
1.7618210216897687 8.387035522256916
1.5352985401362482 8.075905029692054
1.4360187517041676 7.988236005197242
1.4114567531575295 7.947523674426416
1.1165769525884799 8.302208263743188
1.4 7.6
1.3607730609479622 7.566453545956098
1.6210062109106698 6.997099146413111
1.4049783637387323 7.563872019169071
1.2904777203653615 7.029928125170531
1.1589105778395643 7.156088677409512
1.4375 7.35
1.4359133714228887 7.225476555731552
1.0543083671019882 7.616488995195541
1.1739179761555847 7.368754799026242
1.41901089472821 6.927894820156726
1.9415410148395171 7.532757680497201
1.45 7.0625
1.523889421319291 7.033710694886416
1.4349353157438365 6.477440080460132
1.5419034872867965 7.0585402313123975
1.4351715395338212 7.068662719850252
1.4243620626439162 6.914155754703637
1.45 7
1.427392585076327 6.759460015699176
1.0554714142695918 6.814953415184981
1.5799336407755205 7.156993165031869
1.548934725333641 6.779811117134275
1.4416228343282929 6.830686646521312
1.45 6.9375
1.6095743309589772 7.022362646294671
1.4052969130397341 6.923129895973713
2.0580636156220344 6.908063192496309
1.4306051020271389 6.8770125922314405
1.3981367610986577 6.746544795718163
1.4625 6.875
1.7800269388027612 6.535804152486129
1.273195863460509 6.910283124253757
1.8986832096502284 7.147665429616074
1.2412587589444601 6.2613571720300865
1.2359680401485604 7.225868548239741
1.475 6.7125
1.6712218580486187 6.623446093656914
1.4838796387355748 6.57057580178126
1.264674790354538 7.040382375533673
1.4788023272139241 6.688831584704322
1.4510424884486155 6.506772227666152
1.475 6.6375
1.5216773949214344 6.789727395095705
1.5944767353449607 6.743370674407887
1.4915059008484728 7.071049177702323
1.4233284462517315 6.690683339332996
1.5430489884740208 6.514817965992563
1.475 6.6375
1.9253698713451315 6.49574064483256
0.9070578298127231 6.612890118076578
1.6132831153362985 6.673068596006141
1.9091353580365233 7.035365309909693
1.6137197373259737 6.5805163313548265
1.425 6.4375
1.4314569231126844 6.108153734306425
1.5843344336394656 5.904662775733689
1.3819849073936217 6.071616580425023
1.4897727303067299 6.908251122524261
1.592054584782592 6.827928001285625
1.4 6.2125
1.5092217172112359 6.263680962316203
1.4896459942449394 6.154854136681252
1.4624428391338808 6.280363553085961
1.877430473184853 5.838542174631051
1.3662520812773509 6.138354532726718
1.3625 6.075
1.648746990875883 6.21065818893101
0.9236796248824856 6.374358767895235
1.096948592657496 5.959019973132394
1.3561030084365064 5.83305006448976
1.302627775554445 5.950514261455494
1.3875 5.85
1.34646109392525 5.4706273907877
1.2589618182802969 6.023711370227312
1.9111028940006078 5.627205354097265
1.4444877196684214 5.890260666377769
1.3917155896632425 5.3699009771879656
1.4 5.6375
1.0587381661461173 5.8404924526127076
1.4380335326484044 5.5427789092954765
1.719583654218234 5.802795467993972
1.1369816505180976 5.358004337760269
1.1222299194100278 5.758065996886188
1.4125 5.4875
1.5944835060823417 4.967531633530287
1.3408532963271078 5.332606185354365
1.1085868853485303 5.792831901954644
1.5179640223704163 5.081259750442132
1.2576161580670513 5.3750732172349
1.4125 5.35
1.2126467300551886 5.198225112169678
1.592483689694121 4.773610075061848
1.6833873949655047 5.4263515437673675
1.4948183866732547 5.030706979426048
1.6141008217575414 5.784996856512573
1.4125 5.3
1.3138307762730892 5.290728372068625
1.524415257090532 5.2031681735675
0.8950480053921938 4.920158060316576
1.7319445523727655 4.726313852841196
0.9466357009538356 5.04529532583056
1.4125 5.25
1.0218636602293132 5.487661478030414
1.4549778410189578 4.880371143990448
1.555882551909158 5.238393615195628
1.410885619351236 4.857659500688968
0.9409708381597113 5.424930780113256
1.4 5.025
1.4057485732303812 4.723935971247505
1.0003443785503567 4.550518391244714
1.5788108238654028 5.522519480476902
1.3957685557010469 4.699497825690924
0.9422633520654319 5.362858934024231
1.3875 4.9875
1.4288951616434302 4.79544466388045
1.3556748225052027 4.843493806620728
0.7850625858300854 5.074037713077537
1.3634582958587944 4.883183408212962
1.2804661931221033 5.020820137690346
1.325 4.75
1.124042700235142 5.034353261847978
1.3277433539874361 4.7917242472438994
0.8899036359521147 5.159939487528178
1.3583553526626229 4.704749674610225
1.400767123640833 4.737532568945708
1.325 4.2375
1.1354398559736538 4.19522304524749
1.496977383087566 4.386361998760815
1.9055566581827506 3.781234846602156
1.8440742074435472 4.151691337797968
1.518149660152107 3.6703497110995515
1.4 3.7625
1.4791538456971953 3.305915151051187
1.4316905285143688 3.530035772933684
1.3031371772631475 3.2059177624824713
1.3378602187333888 3.170534876124033
1.2352146971000284 3.631947816397118
1.175 4.1875
1.4028471274026346 4.51745886345746
1.6563158050030544 4.172884135130181
1.3606435558798797 4.07105936609995
0.5746151676544471 3.9705777999673195
1.3134276547935362 3.8439364563530405
1.1625 3.85
1.1411676300813371 3.9117045512220243
1.371133464918466 3.49713491729227
1.5756854183483915 4.043055357007064
0.9480549282839312 3.3686811819481632
1.112328272400757 3.1892381935284275
1.1625 3.725
1.4446812713105686 3.3717657277374484
1.1552063885854014 3.621098248765519
1.0539480145046736 3.894278699669376
1.291284769188025 2.906091812566184
1.5956357467199802 3.501719438321024
1.1875 3.4625
1.00474602410363 3.2272051459074347
1.2062198225038696 3.073839470418818
1.3560784395515226 3.8094496220213783
1.2414974870182278 3.8533209558494206
1.2344705726450274 3.390088689609385
1.1875 3.175
0.695870761591673 3.036115859654386
1.2541546767473408 2.8170207761315624
1.7352920356015495 2.8376158697376654
1.3533701455929925 3.30477444213079
1.2254070967012722 3.016701115929257
1.2 2.8625
1.3929742708199577 3.101375858486527
1.3873362828993576 2.4104347954370895
1.4210669828110072 2.6499418745477454
1.2929211560726601 2.283734452301867
1.7151366759327253 2.4103444102928093
1.2375 2.6375
1.4425291953337318 2.520784450901016
1.0105938778375783 2.3405059901271072
1.033834916972155 2.460762791066364
1.2013226612228969 2.5509143433991754
1.1398656711088746 2.359715980320986
1.25 2.4875
1.3911079979546546 2.9954294598333364
1.3680582374556427 1.8820216496944027
1.0297305251444195 2.212380587076096
1.0436939685476083 2.40046771960681
1.2860785907659706 2.0880494540846586
1.25 2.3125
1.3076356393859987 2.6882873969958183
1.201836141591205 2.2675032873383203
1.147121171120481 2.4636524089733456
1.1544282463637436 1.9283891338002532
1.3859879137072142 1.8290307550468767
1.225 2.05
1.6043565844357748 1.455012483322261
0.8195871702304803 1.4501514994002407
1.3818871953813248 1.8036835321961633
1.3381717251328726 2.1553272957734135
1.2472993453836243 2.096736914980025
1.1875 1.7
1.208615963579809 1.6074303004113388
1.2296660928243004 1.9164383515472507
1.090717642741476 1.8141999099084658
1.1420846678722234 2.073960182062913
0.7746202153822711 1.8141156912708212
1.2125 1.5
1.4342674260660906 1.7413791005214492
1.6452648798250746 1.8017081703401217
1.159476545589335 1.1946983432850886
1.7204445073269148 1.3849445327046737
0.9921325634028877 1.486216841675126
1.5125 7.7625
1.3654183764486412 7.768825387715526
1.4847788369284856 8.050289759926212
1.2702394009121944 7.719714735599315
1.0008005309523642 7.728115965938352
1.2550518024400859 7.779615913648968
1.325 7.8875
1.0841989918794703 7.923453688167463
1.6381148263225143 7.745505445526696
1.3809547684925658 8.234488029125185
1.0137686931549748 7.204770872002851
1.3008413632414215 7.675747791077603
1.425 4.7625
0.988439875269885 4.313786829883182
1.3398500876664334 4.575252414902114
1.421433612053408 4.760211134329643
1.0175934235201625 4.367288497690862
1.2909832366044909 5.055465810471
1.375 4.5
1.1867572498386358 4.774939069566927
1.202521492219272 4.372679171200692
1.1409213994286909 4.2609236968794715
1.5232098869989599 4.298653219452673
1.8649099317058249 4.26147770314933
1.425 4.025
1.3827598175279923 3.352895161595376
1.0495203535856206 3.7479897653014334
1.1875423779745682 3.622220359585935
0.9967392335182896 3.999416153874688
1.2195965779473248 3.8036677425025855
1.425 3.725
1.4187712553809757 2.8637516061332193
1.2034901585347009 3.6669640936699976
1.9379591307445279 3.459112448196467
1.207997246207673 3.3360922978592042
1.2598889180416861 3.208215537328532
1.4625 3.0625
1.4469099317347636 2.307084068380655
1.3909225797306761 2.990363704969204
1.4168911985130994 2.87819692819136
1.3885651604667508 2.719753777985214
1.3069723292782975 2.4096406418292005
1.45 2.6875
1.3945803993278 2.639988895255145
1.5097088619946406 2.3350845703691676
1.4324366114772336 2.6020565872943764
0.9455480498201236 2.4764201017662586
0.9527608284362528 2.34861565856892
1.4375 2.4
1.128164448957862 2.3295995755552155
1.816220133499467 2.2709225880906416
1.4107723141228479 1.6557969262227132
1.354098017774181 2.0242304392657884
1.5006140209703043 2.2714879422858703
1.4375 2.1375
1.3440087147160629 1.8813032559419498
1.2903334916359872 1.8648321895032793
1.4585420121867858 1.8529217598265233
1.1904975928334727 1.629190521564388
1.4605155630431386 1.7794117032126053
1.4875 1.275
1.3488779717746753 1.1537638800058716
1.1114199541779008 1.3089501025719528
1.5414213910461099 1.282255042554739
1.9024745199488193 1.1892938241906208
1.5424904055784119 1.19316896306766
1.4625 1.0625
1.1442460683946414 0.716647661134445
0.9973611651407222 1.2058140170227332
1.303712867581821 1.4907981115288536
1.5431562367129492 1.0576233585541517
1.577776120008359 1.46051836948797
1.2625 1.1
1.2466093439576649 1.1314270328288019
1.2626597946400722 1.099750722429755
1.2700496060488025 0.9126995476563551
0.743871649633727 0.792421838068114
1.277858705337987 1.601139973299135
1.4125 9.15
1.8010930333415467 9.046036612821801
1.2318260434656507 8.99713896570714
1.3322711849852373 8.89138994851508
1.2246646090936384 9.568831200841133
1.2055388387821582 8.878419722717984
1.3875 9.1375
1.6451868730383286 9.537181830753905
1.0825756767740984 9.179727490082355
1.3859020047680963 9.154544878064623
1.4374566626846879 9.137239932573046
1.9547001845289178 9.270845114151935
1.4 8.8625
1.7448777187215103 8.717334184118313
1.290292371694887 8.696331623618175
1.8962824974145627 8.741102884868413
1.5300233443611806 9.104689292743831
1.7427794549241267 9.242997483853525
1.4 8.5375
1.296958081814504 8.249707585970636
1.321369433262156 8.6035632753722
1.478469666684116 8.641813936939133
1.2338188393766276 8.3488154630977
1.1664262683180744 8.749117001518965
1.3875 8.325
1.373512069700267 8.181316153385472
1.40955093476644 8.175288451227232
0.8328929707450033 8.047478253004309
1.2479527916756574 8.193393607774473
1.2752167034502355 8.235282757662876
1.475 7.9125
1.3616211863679093 7.683052302451057
1.7867267497780563 7.498874421688603
1.5895028333531838 7.765457852166733
1.5141177715982321 7.943425655625454
1.7058634804267154 7.558263520923518
1.5 7.2875
1.6050819155857439 7.050637394187257
1.5663506542957568 7.61564566865311
1.5220171468464556 7.033529555705559
1.91661690788224 7.070540203824791
1.5679059788972298 6.711823199952676
1.425 6.95
1.646694208550749 6.855758096616055
1.5375403338963358 6.83361777787002
1.4490458348405462 6.714256611550764
1.4000096862227298 6.507434988213423
1.8068419281368098 6.402444845489503
1.3875 5.4875
1.3516460610570082 5.48863672865725
1.066338570646479 5.810479186312366
1.6997779559004667 5.342102861234929
1.2715200586663047 5.8418511447548624
1.4884092812872147 5.457849068779785
1.3625 4.1625
1.4960685092768797 4.266081337749612
1.2720022542933416 4.020181869724934
1.902261343321637 4.213868965885693
1.4214877214784818 4.059862084780365
1.1755777895414883 4.018998301033675
1.3625 3.6
1.1864195052985351 2.963127836137147
1.3376907664986601 3.001496696999763
1.7120217426419846 2.5183436178974956
1.4262574962289891 2.744225074768866
1.3035158113232732 3.0153536384706046
4.825 9.35
4.769067953509838 9.521480793286536
4.913531748192783 9.571834896670175
4.664544868211905 9.144851063255805
4.772354254576321 9.36800457276205
4.7020187056764735 9.093807193204977
4.8 9.2625
4.790952868089733 9.221551556282723
5.077540594053774 9.398817196494475
4.5614712698806805 8.626997146848609
5.0878577264130325 9.545324377921858
4.737422773423077 9.483460844135816
4.8875 8.975
4.840419649173841 8.72268941783886
4.624200410906765 8.658722053831557
4.943285661997658 8.609790303386664
4.745954345054878 8.844304008717394
4.500460219787027 8.384923684594787
4.825 8.5375
5.124070766655336 8.471541020787857
5.018694590042451 8.703659591599965
4.8047468557812305 7.9900233069893885
4.4909916670215635 8.461494423751171
4.347245583831168 8.734374610796303
4.825 8.4
4.934508941564177 8.185958010758199
4.374371092159459 7.970344988094839
4.822432199176292 8.435093843027053
4.778358579269818 8.449005629879471
4.626605586195422 8.608061358360919
4.825 8.2375
4.5164505544408255 8.48093786858311
4.756680392467951 8.090676976228412
4.5861442075804835 7.659788047342834
4.947027622790926 8.018145021706623
4.921611296404524 8.166587226396906
4.825 8.075
5.3048622911060175 7.826784468382948
4.941110879945444 8.236874112660805
5.236799107077005 7.581329162879209
4.583514872273808 7.8525589987655025
5.142689936304275 8.13403657764126
4.8625 7.85
4.816202347733567 7.629664896624317
5.183736237572627 7.927108687088383
4.929862018973703 6.969256604056241
4.703846454997263 7.4859595292311685
5.217250444255423 7.194842160115312
4.925 7.375
5.015106040174872 7.371366206191499
4.918593177404064 7.320438816768819
4.723778076341433 7.164812194197781
5.290039856606142 7.374583396031601
4.77243444581428 7.191775646881453
4.9 7.225
5.05267414584009 7.094033720803168
4.551451565265519 7.540318508428442
5.03659813044069 6.9801486670732515
4.894374245389406 7.127316581714004
4.74066716470303 6.703622744874821
4.8375 7
4.8316417900676765 7.026670802543345
4.838385311028544 7.286835086690587
4.466599510787083 6.717204265112748
5.117544777460008 7.089885966534652
5.0481505187901154 7.3409230899188795
4.825 6.8875
4.839635715773709 6.686885725270824
5.108407017247079 6.640410192122095
4.915075424425684 6.299039506690005
4.468827705465065 6.36749042229347
4.89235293636453 6.887080458818542
4.8 6.6625
4.969678827633816 6.502425883881656
4.4370967027101855 6.483588980971274
5.091129753347553 6.817252799370253
4.7634601842427235 6.740079458668568
4.82474026665065 6.550523922604063
4.7375 6.325
4.794352240185579 6.173523298457266
4.811449119482694 5.948430646174338
4.965052802038278 6.115794366453166
4.728236348912508 6.3007041875302345
4.328086658547356 5.875655201281153
4.7375 6.1
4.630960953702472 5.610148591180044
5.09818160245248 5.556170367633607
4.945279564788527 6.196714912762806
4.628222643734933 6.042717357087086
4.832535652395954 5.291692381608178
4.775 5.675
4.806860756555186 5.695270296019774
4.79996450981988 5.539469087001309
4.389812610739798 5.457108650588189
5.146936018629175 5.345729400619044
4.837872313319588 5.336839597700691
4.7 5.475
5.177731974528425 5.273642759938691
4.683446608098252 5.6868888130995625
4.795059061697996 5.3989060638593225
4.410515905476032 5.317273649838206
4.215860595514296 5.7424597163881845
4.6 5.275
4.639205400716503 4.406671286373582
4.55198148809245 4.80550037231736
5.163659101861062 4.825125991348389
4.341797663904455 5.108289452879501
4.657670778015558 4.810428762880356
4.6 4.675
4.92752847302614 4.1328816998131135
4.633549025325261 4.629322852354894
4.8022501054256015 4.74758169802302
4.280574809313287 4.814254020292695
4.577086032158102 4.594390690976955
4.5625 4.5875
4.582602561329727 4.016036943806865
4.967293618858449 4.1765308733321636
4.422928877455966 4.013639784630063
4.516048898568476 4.687467332516902
4.154387808415239 4.267643828366273
4.4875 4.9875
4.435580564490357 4.921639908320354
4.171002737097557 5.124114481239337
4.464619078787559 4.800986345918149
4.821301217827841 4.6055555422555035
4.825669382410216 4.404384507937888
4.5 4.6375
4.6155456165277675 4.496082413360743
4.714391792470492 4.4618771393112455
4.405135497135324 4.687958220572275
4.8672485160507994 4.482762175085097
4.447265719634096 5.133940698343122
4.525 4.325
4.2392295890811 4.159989182027457
4.3380634620801635 4.382597352013119
4.627288005360147 4.141837799872656
4.716166805803458 3.9533921536777825
4.526950143584312 4.3372243993364705
4.5375 4.0375
4.484153049291498 3.861919788710238
4.099717697624027 3.872681638670477
4.217644164302012 3.7495103865049275
4.695435611875487 3.3986196408484814
4.3965925698799975 3.7737209301438144
4.5625 3.75
5.141568024365782 3.745756728526596
4.669152343957716 3.040978659190789
4.582272908740407 3.6256279170208225
4.807500751588168 3.4209657830041977
4.444038788744512 3.4744645107152494
4.6125 3.45
4.60091619997173 3.330979822655999
4.788320182481448 3.3582619603013955
4.6146795823064295 3.275770450614014
4.846765700599361 2.8842197590721184
4.574126897337201 3.099271993699618
4.6125 3.15
4.577866235617597 2.5300449901718496
4.315443312218739 2.717198536744462
4.8671621146443655 3.204843707299857
4.912859939200672 2.653858283476714
5.128846092023686 2.9837135836094775
4.6125 2.8875
4.067796051313895 2.999227257083284
4.897535141813473 2.8022839922793095
4.641274849194062 2.548395620338236
4.6146898902783215 2.9094214227204374
4.980478283451018 3.1490472064081727
4.6125 2.7875
4.690153534843731 2.563867058516904
4.332945326836183 2.5334188263763706
4.783473141198899 3.1369065299037104
4.655703289396659 2.597560088138043
4.723565924662102 2.644098863077781
4.65 2.5125
4.8732260357943185 1.8442183338438654
4.423102129059426 1.9553483427976743
4.7537429895246035 2.7752334308271913
4.364133620156658 2.7996523935728264
4.750637816036692 2.4388856624173343
4.6 2.2
4.4635475099901285 2.020313533973453
4.604265905400267 1.8700877724732123
4.154927993160128 2.133068082433468
4.984830405534651 1.7547887983154795
4.527887377890231 1.9890619692015108
4.55 1.6875
4.533363449181624 1.5051666118186404
4.4873466092595296 1.5264468303797927
4.522675680486644 1.7391398886498777
4.512287202805836 1.3581906706126716
4.2644908153591405 0.9998623010793111
4.6375 1.325
4.602241334347662 0.9960759596408323
4.720382824428415 1.3785081729334152
4.911337041093536 1.5475656855907374
5.038202562510213 1.1238938941979923
4.195998689566406 1.4045902621885147
4.6375 1.2875
5.092055063275018 1.132154289587858
4.909724676220871 1.1783520610996177
4.418312014071615 1.3124122244870164
4.961577090123289 0.8870943923733776
4.032454818016061 1.0068799819139713
4.6125 1.15
4.69547052293559 1.0060388560992195
4.105269799763947 1.3983260144946983
4.643717189273266 0.8744519447319675
4.604370368409885 0.8666008086036243
5.128736034415452 1.3898130895076803
4.6375 1.3625
4.977876211601055 1.5728285284738988
4.664871537808984 1.4317071742062581
4.492060419912552 1.2050231473276483
4.887022193502025 1.5386195625115675
4.546260165415264 0.9992630319115022
4.675 6.925
4.972180657692432 7.442366394181394
4.945824084237266 7.019795489429869
4.283585541300369 7.158865659398995
4.856533095953248 6.738374153810263
4.763981282005222 7.42980961094419
4.5875 7.2375
4.775182036257921 7.727561696954116
4.611042608697958 7.282012781781811
4.487846256299134 7.1129215715557335
4.134705881974277 7.164705479249937
4.5727776145903025 7.671421341921461
4.625 7.8
4.711965891291962 8.261887376942392
4.659176513058329 7.8353857511096665
4.727912550376919 7.8851710461950875
4.706166685870132 8.127749321102025
4.717121265012215 8.103561710381236
4.7125 8.6
4.907773427656837 8.952682056994549
4.741761087262836 8.63676898064479
5.191737462405433 8.545541972025443
5.2387549682812535 8.486762533479576
4.989881707480825 8.785285193625928
4.7625 8.85
4.836381110850015 8.69757017284134
4.676531411544071 8.510543228400229
4.78112922414388 8.81449648448061
4.557108034550001 9.216791757916596
4.883336089844966 8.702760317965694
4.7 8.4125
4.675319530537536 7.8590713013694495
5.266409294832044 8.179857752338373
4.754007324850252 7.702664867851796
4.900886781230047 8.457157792882708
5.010296933060275 7.980772120099994
4.675 7.7875
4.774759286894012 7.712080461035788
4.486719251317146 7.237519302672814
4.772071824657301 7.519101891263375
4.304477700097868 7.398433710883222
5.039672090323792 7.63042593890849
4.6 7.175
4.5848795817921015 6.665456803164295
4.3492660147891025 6.542926158720261
4.415428829727153 7.357831995015029
4.470463269252033 6.608523412860204
4.877325417890288 7.000095044361112
4.5875 6.6875
4.300332829744872 6.582226400457065
4.53190320200516 6.722766015682531
4.888721900927488 6.744703395302977
4.425326844260275 6.833470133154558
4.382300109216972 6.75196215860561
4.775 6.1875
4.276212087599727 5.585329468585652
4.549582597332173 5.956773118396036
5.1389212751240105 5.625368008103447
4.9576498347851565 6.274224227764661
4.94654905495256 6.001656382310451
4.8125 5.525
4.608409901166725 5.469112945560038
5.036195576154435 5.709609161851442
4.864271932767306 4.924214000395485
4.705346211022723 5.221076828532907
4.509572432556886 5.622881109787619
4.8375 5.075
4.958567801672102 5.557517669526952
5.102740634410976 5.387691363103917
4.893777813234403 4.994052411643915
4.7871729441169375 5.076749523274631
4.732416762521266 5.015210420635059
4.825 4.925
4.932999835102804 4.518747691114962
4.426480090801264 3.7004639673251005
4.374204094308594 4.128525905679234
4.683073658482032 4.137598322491249
4.641875051783833 4.118820397402344
4.675 3.7375
5.069928804867488 3.352500213763791
4.679572557487367 3.677612029650155
4.496082180962814 3.490843328138351
4.629825965355456 3.9509597462034582
5.092227668328096 3.763900822591394
4.675 3.7
4.649225650615152 3.516585955970764
4.078852245201236 3.4900964219829644
4.458924269237151 3.747811304616628
4.76581185344166 3.397166615916062
4.6708273634562 3.829553725019751
4.825 2.3625
4.892550991759258 2.6329634169087797
4.6894776360911425 2.3408050603398465
5.086473183914412 2.56366808010159
5.128027989101627 2.1666597804516146
4.818179905964114 2.330497541116652
4.7375 2.1375
4.414357900510017 2.1345941672795106
4.689397249590993 2.358222689712136
4.711684888396931 1.771392766882677
4.8177990091454825 1.9908549507238562
4.348673901362977 2.142844299672504
1.4 9.475
0.7935570801613566 9.33628012620383
1.382985161285926 9.55834256489582
1.5963231498812065 9.880666652942924
1.4872296746167362 9.325702630078972
1.4458537804179747 9.731444041583192
8.4125 9.4375
8.407715975700139 9.410278803249735
8.326886743453183 9.511861647281343
8.057397424912 9.255553740066283
8.64867315101171 9.57391010979902
8.751957555808586 9.033727684302853
8.4125 9.4375
8.297524428030842 9.044218935820776
8.420814514779774 9.482044429661906
8.358083516495801 9.431722902534842
8.2217469438911 9.813232344397017
8.4125 9.325
8.051387277529166 8.834495984301519
8.905891420244869 9.570029268250973
8.336622482580548 9.234761454739857
8.82173632754491 9.157496366308022
8.91373134944224 9.047844648808281
8.4625 9.025
8.226166912610338 8.907337190655538
8.443729785475428 8.903796328242256
8.764929500943634 9.094099497724935
8.870838048331802 8.639576196986742
8.497274093917756 8.864437863699404
8.425 8.825
8.429512093913253 8.813414978743003
8.369006977326054 8.789254417126745
7.934224715577668 9.02700071534183
8.91850619686534 8.592052842982435
8.391877024410315 8.781471219396426
8.4125 8.6625
8.308056220874395 8.71847829623133
8.46307050015503 8.296353935745664
8.50167887957446 8.73798893472506
8.552006375227476 8.805292989528237
8.510990787285754 8.670118005683975
8.4 8.5625
8.660476421836968 8.867227609913508
8.39493471673346 8.451186807878921
8.195099196187673 8.06472574554785
8.117184726077216 8.573398695255188
8.610894527252853 8.86814828540073
8.4 8.375
8.263071985965219 7.723196508351556
8.147984131390576 7.736822309340835
8.51996619843883 8.512540077928904
8.466938274499132 8.357902292804976
8.501488990911325 7.872965213102442
8.3875 8.15
8.708997092568069 7.533132121705934
8.188520673232478 8.268660580693469
7.931583309869571 7.9562045674060276
8.139418952947533 8.408454649993256
8.540534910296872 8.209782335025889
8.3875 7.75
8.371365827918034 7.749667852422462
8.233057934373935 7.913311125330376
8.377858260520734 7.673133001267667
8.26610213360988 7.1098815433252565
8.266433477520405 7.205311303244171
8.4125 7.5
8.389972886926166 7.547667912133258
7.8965434332741085 7.129661882072634
8.365099424549774 7.50748384799
8.388633803348558 6.982897733591389
8.380747306529397 7.218372959911294
8.45 7.2875
8.673611583283218 6.981402738120844
8.648032977651338 7.413201428657667
8.770188843166398 7.614711606878663
8.896232068388361 7.260011981826163
8.29012258578702 7.35343268244945
8.4625 7.1375
8.369245569826171 6.934961408852168
8.491197969497934 6.992335815352668
8.47886155202509 7.023951348400639
8.333459721156721 6.596354038686317
8.478240631759522 6.729566667507274
8.475 6.625
8.483814895107198 6.8223544256678625
8.367696660608656 6.471555548548698
8.560333399075528 6.516646812962
8.799400240839873 6.209831691104652
8.820692400476412 6.00871873404048
8.475 6.3625
8.203176013777862 6.409412324714523
8.690606065292346 6.198609061261289
8.080099751463047 6.152737719154846
8.083928310514416 6.425945424426125
8.290147508036807 6.211099428720494
8.4625 6.2125
8.833388339872197 6.288542008471281
8.212605157493124 5.929560443443731
8.693660952262453 5.689545495972929
8.580081950898565 5.658193473939598
8.500655044976117 6.271096848850716
8.45 6.0375
8.051357688486247 6.160552540466848
8.888759689296242 6.211927827136572
8.444853608350435 5.817677899884081
8.316227145714503 5.978407989272653
8.163735218184083 5.899751697579706
8.4375 5.725
8.245877930304209 5.483356122710992
8.40303149119087 5.769107970130958
8.023075986279661 5.716027800946426
8.681029188212285 6.009277672394369
8.453623786276994 5.7227892984211675
8.45 5.375
8.774710724973973 4.997142278160781
8.925562536060722 4.892383294723745
8.568347422851488 5.211311753196393
8.13545381145363 5.474873731533441
8.545108408196914 5.194371662862827
8.475 4.975
8.10673005523687 4.947940207607592
8.1440957444053 5.199656298868225
7.959358640459563 4.838989958149467
8.430708163791845 5.088486402794144
8.221085824575075 4.353128664909379
8.45 4.7625
8.618177305379309 4.741402738346398
8.20021424660876 4.727683936941041
9.009757222985266 4.8728352486026125
8.668268751773653 4.3199752976672015
8.484805329848212 4.648491366167849
8.45 4.375
8.38764241134243 3.9569651146036358
9.034868341264401 4.331493890837332
7.9297877606638085 4.1256397799435875
8.534807358947765 4.373108399808217
8.230998823100002 4.26486288396123
8.475 4.1375
7.921188648646637 4.137785959483155
8.555371586218454 4.09771381006134
8.826419178328369 4.3816773485289975
8.380218769823673 4.576156927414621
8.157660811622069 4.278802362608482
8.475 3.95
8.493361316523714 3.582424586917587
8.860602571777282 3.882098240505582
8.492574476034317 3.748940567144758
8.303112495567223 4.475744927642195
8.58223724751836 3.459125125888015
8.425 3.6625
8.919057025044221 3.5446814088294305
8.46361049616114 3.645658201174296
8.494505940065597 3.9193703155593433
8.729632794870925 3.2758126613893284
7.956658484134269 3.5963028619066137
8.4 3.5
8.465406432890344 3.498407820417313
8.232526042479188 3.3242310003534
7.9596510029136525 3.8131021202177857
8.402333531736682 3.4497472941804235
8.156606648004068 3.7208625090098217
8.4 3.375
8.445305215356438 3.178318034187079
8.61240375154252 3.2770095688874177
8.202763884963005 3.3964210510286335
7.911496034364025 3.157031104109808
8.746079881149695 3.75360706870786
8.3875 3.2375
8.579564358970787 3.4629401669121846
8.691797909116065 3.1559069940189106
8.11687814488773 3.4200828966278904
8.447973193250665 3.2556521144521837
8.5611216732942 2.9234989372204057
8.375 3.1375
8.529744626633867 2.6584839511301412
8.059841168819121 3.2353781573657843
8.52338711720949 2.689401375891934
8.07001192003745 3.1269460266788327
8.055848498077633 3.2855431004657945
8.375 3.0125
8.564875230657748 2.9563271734924954
8.035044607968052 3.227203718198335
8.532014303943525 2.9850977969710515
8.375894919823683 2.9083516229549873
8.421645497847482 2.5980058093484986
8.375 2.825
8.799554792798624 2.745692983058362
8.585426244604344 2.6713318543973927
8.403044190707282 2.792506849577319
8.87127279978885 3.079175595889987
7.980159324691326 2.6420109198830177
8.3625 2.5875
8.35514318388986 2.4088584079986988
8.721224944212025 2.790417138807925
8.462910018587634 2.7089381265098096
8.142772761719577 2.4312327500944093
8.2230346824925 2.214030885258532
8.3375 2.2375
8.46295147747097 2.2290933208896093
8.113701063051 1.8355421046017484
8.070268683834183 1.8937628713214962
8.329537169541721 2.0309090128442846
8.154335317046062 1.8060814254391275
8.325 1.7375
7.942385417050491 1.4270083114551313
7.868783676845979 1.797423141009085
8.377925360900997 2.1010794565756457
8.327760389080295 1.711268178323803
8.503101222886539 1.9830380279120434
8.325 1.6375
8.018785911176703 2.0117741709707304
8.331712439429442 1.455297525520035
8.145451585077666 1.4832052228811918
8.236245276321132 0.9191832367180865
8.319124018275753 1.790212923431163
8.325 1.45
8.04355855772831 1.0827654162403122
8.360187307753362 1.30489186164818
8.568977259723987 0.8123239190009528
8.359153420418028 0.9831612433607049
8.546727795451364 1.3579266984131422
8.3625 1.2375
8.163318759768908 0.9657215604438036
8.454248665881071 1.213632752895866
8.001064207048877 0.7334564377212771
7.907587251497008 0.9710848418164744
8.403732383112871 1.3060772127117617
8.45 1.2125
8.950399755973951 1.3137192014433154
8.176659800794948 1.4488123312807062
8.284400939276654 1.2039136708947638
8.59038194667615 0.8856317930485218
8.093324721795977 1.5851806128916563
8.4625 1.2875
8.683299097683612 1.5530337694025491
8.184656404502228 1.694799734560013
8.612846180324565 1.470897923245984
8.779971334078285 1.548397166556191
8.62624359800881 1.2463302591360546
8.5125 1.4375
8.517885426722737 1.0560816259890018
8.436096061538452 0.9594525169704184
8.724637940289302 1.2413114994218986
8.214260278006321 1.5546042959223911
8.673371820253937 1.4809443574070458
8.55 1.65
8.157713856733839 1.460785569827938
8.522821301035538 1.3265097149915719
8.09843596283476 1.925127012625245
8.801202055143456 1.2888523640240621
8.328863944662167 1.4093316909137683
8.55 1.8
8.770485505970393 1.8810346349502738
8.263277103265867 1.7787871486913658
8.527111170354871 1.8707161878293264
8.351884333199525 1.5913361207720569
8.539886793777002 2.121589352921288
8.55 2.1875
8.730895637286817 2.6548390961022292
8.404636898382563 2.0955692994735173
8.920856896094923 2.263729942076381
8.1734619799849 2.3535368473523604
8.746743571630205 2.6888497547148233
8.55 2.5
8.84502401798756 2.640356785862406
8.401346173577952 3.0212124795690327
8.955559151949906 2.3084514763989303
8.503161007103433 2.6747152795733085
8.756509105015814 2.140582762012831
8.5375 2.725
8.624986785789961 2.917458996143746
8.529725156716754 3.4847250457801975
8.372240415256304 2.6129576251653317
8.684103816420949 3.5314424238800726
8.419373265868227 3.018525652072127
8.4625 3.2375
8.16225222516089 3.391531082400978
8.585813170117389 3.542852618856503
8.443979189148731 3.433139178830372
8.293404389255059 3.7192413896860925
8.762889811967405 3.8611564200016346
8.325 3.85
8.18202289716955 4.332123701095577
7.858302992142437 4.344636162342299
8.321044611716053 4.456690987689223
7.841049184887244 4.485889809837118
7.906721106507659 4.512578280785029
8.275 4.55
8.186323931305697 4.99167024224496
8.352968177154825 4.898789285579692
8.678369084023057 4.272805498394552
8.497443954784595 4.712258360668997
8.253297476766077 5.022658834232279
8.425 5.6125
8.273606036272247 5.983232717476332
8.668285430105366 5.442485624616404
8.451528749350187 5.5708970649557426
8.478398439102602 5.49249850311841
8.9800423400318 5.638866239913709
8.4625 5.8125
8.930619851688771 5.495812742824878
8.430836023289547 5.770082473069025
8.75294347510619 5.82150893596324
8.631702246725464 5.811250826156494
8.371371202091717 5.607381256639365
1.825 8.7875
2.5375 8.7
3.1875 8.7625
3.7875 8.7625
5 8.8125
5.8125 8.775
6.2875 8.75
7.1375 8.7375
7.5375 8.75
1.6125 7.2625
2.575 7.275
4.1625 7.3
5.925 7.3375
8.2875 7.45
7.1375 7.3375
4.6625 7.025
3.2125 7.3375
6.6875 7.325
0.2 8.6375
0.325 6.9875
9.8 7.2125
9.7875 8.6375
0.6 5.2875
2.35 5.2875
8.2 5.2875
9.2875 5.3625
7.5125 5.4125
5.0125 5.4125
3.5375 5.2625
5.675 5.425
6.0375 5.4625
0.5125 3.4875
1.75 3.4875
3.0125 3.525
4.325 3.5
5.7375 3.5
7.6 3.4125
9.225 3.4125
7.075 3.475
6.2375 3.4125
0.625 1.0875
1.45 1.0875
2.6625 1.1125
3.425 1.1625
4.4875 1.15
5.9625 1.1375
8.4125 1.0875
9.7375 1.0375
8.2125 0.9125
7.275 0.775
6.6375 0.95
3.2 1.2
