3.8625 8.2125
4.9625 5.525
2.675 7.3375
4.7875 7.1375
6.1375 5.4625
3.75 8.1625
5.4875 7.625
3.7375 4.525
7.225 5.5
3.7875 6.875
3.9625 4.0625
4.8875 7.275
3.6 4.3375
6.8375 5.725
3.875 5.3875
6.4375 3.4875
5.4125 5.9625
6.45 7.475
4.4125 7.475
4.65 4.8125
4.5375 7.6
3.175 5.7875
6.025 5.85
4.4375 6.6125
4.525 4.7
7.025 5.35
5.4 7.075
4.875 4.025
5.7375 5.675
4.725 4.3375
4.675 6.7125
4.7125 5.325
4.3625 6.275
2.5125 6.25
5.925 4.525
4.1875 5.1875
6.9625 5.2375
5.175 4.25
6.2875 3.7125
5.5 3.5625
6.4 4.175
6.9375 4.9375
6.625 6.5375
5.3625 8.4125
3.7125 7.2
3.025 5.125
3.5625 6.375
5.925 6.325
5.3875 5
1.325 2.925
1.8603693565292148 2.9377064226553458
1.242734917133852 2.9216109425599557
0.7700491459197109 2.665610966340948
0.7909698574688477 2.8145946535771147
1.8552438840533907 2.8251524133382007
1.1875 3.4375
1.4078923125030576 3.009434604716317
1.317549077778585 3.5518782224810224
1.2786934815597064 3.1180707114343775
0.9577927334302284 3.2025530239685907
1.5167124196806423 3.6200779372342056
1.475 2.3375
1.7767508862209396 2.0887331449004534
1.5873935339476204 1.962159579754126
1.7241874592132593 1.5072481398310955
1.6175329052112262 1.5736075346360465
1.147340744139876 1.8063773394742397
2.475 2.1625
2.3027290950468475 2.5452323775078853
2.55210888354777 2.174584950154076
2.544864228089186 2.074963161897415
2.977997128960687 2.0118037177199724
3.1221073488701068 2.0810014591895096
2.6875 1.4875
2.7372901297410115 1.668152141242318
2.45442053145953 1.2163175301835865
2.5313267009186653 1.6668030122678388
2.4646177602315658 1.4213651968717174
2.85381320387133 1.1403846751841058
2.5 2.7375
2.693822580725541 3.273980516976097
3.009556443472774 2.95495022547
2.4079571550352488 2.7218166309777843
2.3200752247781105 2.990722889343671
2.6398332644601474 2.5090703989394014
0.9875 1.9375
1.3874942869964788 1.8896568512828167
1.0058706526349255 1.6369539299399023
0.6426338526939332 1.8539842785639222
0.8852151972607214 2.4298720785312553
0.5999662473228046 2.182732811083143
1.15 1.2875
0.9191795291871868 1.011494157855806
1.2073060152912674 1.1783100807557374
1.1081959616541415 1.2790585816754345
1.3121580487415947 1.4037798145400728
0.7671448380367619 1.2448642860189707
1.9875 1.1
1.7240806653788217 0.9605183636136928
2.0138633615188084 0.6131010236422796
2.102045722108627 1.1358732974200278
2.246124475902106 1.58456896751822
1.8827955619476484 1.1755967856751979
1.65 2
1.5876994305475276 1.9727109246378205
2.048930105388652 2.018602214640521
1.7155716156916168 1.7853511816911507
1.2444730475108572 1.7883349492728513
1.6622122681780553 2.285377615913936
1.5125 1.9125
1.1682093424692745 1.7258267868450687
1.485720783948051 1.794178656160082
1.7669178154227567 2.0065656346401326
1.4397796513421826 1.8248759218777209
0.9595093509030338 1.9985830041412682
1.325 2.475
1.802537216200981 2.741770628104453
1.8025926220973005 2.6085643054853094
1.5925532670923064 2.53193845554065
1.5731807820935453 2.377682651450151
1.2154092926687277 2.6675790052987254
2.425 1.45
2.7271467732234798 1.3546762589321077
2.537457020300301 1.5750125673761617
2.6066862440070624 1.4954851071941064
2.06973803007512 1.283610852062327
2.445124732016788 1.324957626639933
2.8125 0.9875
2.843345750982768 0.948004587058044
2.6104238799163384 0.9754267281823615
2.218479147694316 0.8723682709172295
2.75187238699341 1.2553979809614717
3.378648823008254 1.0461775683130654
0.9125 3.4375
0.9289436220361976 3.6508312960895517
1.1670599661306569 3.4668300185282277
0.9543591442891257 3.3847262518833263
0.5664992892817072 3.2951598146090633
0.6863096794895241 3.237260033807078
6.55 8.575
7.375 7.0375
7.0625 7.7875
7.6625 6.675
7.3375 6.35
8.375 2.5625
8.55 2.325
8.975 2.5
8.4 2.475
8.4625 1.8875
8.4625 2.375
8.525 2.175
9.0125 2.15
8.5875 2.2375
8.7375 1.9
9.0875 2.2375
8.6625 2.375
8.75 2.1125
8.9875 2.1625
8.525 2.225
8.325 2.1125
8.9625 2.0875
9.0625 2.3375
8.6 2.2875
8.6375 2.1125
8.95 2.1625
8.95 2.2625
8.7625 2.375
8.575 2.2625
8.35 2.025
8.9125 2.4125
8.6 2.5
8.35 2.375
8.7125 2.15
8.825 2.2625
8.7375 2.4625
8.425 2.45
8.225 2.25
8.225 2.05
8.2375 1.7875
8.7375 1.7
9.025 1.8875
9.2625 2.2125
9.2 2.375
8.925 2.525
8.65 2.6
8.4125 2.4625
8.2125 2.2625
8.05 2.4125
8.225 2.6
8.5625 2.6875
9 2.7125
9.325 2.2
9.0875 2.0125
8.85 1.875
8.85 1.825
8.775 2.1125
8.8625 2.0375
8.75 2.5625
8.3875 2.3375
8.3375 2.0875
8.2625 2.2
8.65 1.8125
8.775 1.8375
8.8625 1.9875
8.8375 2.0875
8.725 2.3375
8.4375 2.4125
8.3125 2.0125
8.1375 2.1625
7.925 2.325
7.9375 1.85
8.3125 1.7
8 2
7.875 2.0625
8.5125 2.075
8.225219101977562 2.0321315158746858
8.442566544184022 1.8686865351053612
8.976361825015967 1.725000215159099
8.44557455485195 2.277721951929254
8.56586629463882 2.505687878460732
8.525 2.075
8.266252118054087 2.4600497765466542
8.840768632099328 2.022603819433364
8.866288517877965 1.9705506752960686
8.122803298411672 2.1115186960525065
8.557070674309507 2.0679162186911952
8.475 1.8375
8.231982347949003 2.1440305940590134
8.126530757386448 1.4590721856420985
8.488535396803359 1.4453998891865893
8.455896488864507 1.821851679970831
7.876437295904691 1.744548796756287
8.525 1.825
9.089983741104188 1.4774328117525257
8.348929560544933 2.023144833357526
8.767794221524579 1.9528648424151285
8.298907623106585 1.6069582232217272
8.860537680737714 1.4120393513873353
8.825 1.8375
8.709384274889159 1.6698139731352994
9.103156733179485 1.592749231239712
8.858944892617277 1.8609044441193476
9.30828805452177 2.0602916880891087
9.059913401071867 1.9367594972499247
8.85 1.85
8.877629780665426 1.9858498060270577
8.912723777325398 2.0289457096105266
9.54412600375039 1.912611941115958
9.103101849215436 1.9405756704948245
8.722242799441208 1.9777274781580416
8.975 1.9625
9.154610672920482 1.603364278838147
8.638147298314747 1.6664463669282767
8.624610060425052 1.685901390317389
8.937399671774884 1.3894933938131602
9.41299866672561 1.8468712129672753
9.125 2.2375
9.109927196449018 2.0030609280283587
8.923415167393273 2.805133301860188
9.128080089634867 2.222801324493736
9.599049859715123 2.2972969502895397
9.491365233281389 2.3527839511624533
9.175 2.4875
8.949636893375791 2.596476790694375
9.414222299663718 2.4249082418470196
8.623694894430098 2.2695411719131484
9.094733555298117 2.452130542178442
9.120478253567818 2.5416577628204835
8.7375 2.5375
8.524309480232029 2.3765614052566177
8.724925884296734 2.4948524945745802
8.771604712116233 2.517835592834305
8.563244863754212 2.3437706789907624
9.216208401897692 2.24624411837265
8.4125 1.9125
8.826595511611709 1.4893513746222282
8.844047334868522 1.9166734996804862
8.266736790728753 2.2833328325260567
8.031117162243564 2.1041932400651193
8.065325195732928 2.096208681263607
8.1125 1.75
7.963723759860457 1.6992412682446514
7.781890364471183 1.7587751127708373
8.046560694597137 1.7702795454652347
8.065388325394892 1.7474884175778385
8.269802712422178 2.0957363537191114
2.2125 2.3
2.2424577061812694 1.8432396663186394
2.1798729563931416 2.278455887197424
2.369023364578513 2.240319906037739
2.426612167176912 2.8166349059702798
1.7993018985402138 2.661889483670902
2.2625 2.15
2.4009641053544266 2.343343700807438
2.227377930652299 1.6206048216683697
2.368562401808545 2.026869585070706
2.400241465900296 1.6550954445068384
1.8665145750600882 1.9463702444885953
2.1125 1.925
2.4339948065136503 2.1102146279336425
2.4036920025132473 1.5265620881988595
2.0747560507358034 1.9159602617318954
2.254066946622867 1.9960804728821315
2.166069226328287 1.4957312150539308
1.825 2.1
2.206761222937721 2.508318055344394
1.7471101173967234 2.307464628246612
1.2087273914067749 2.433942744213445
1.6444025202958197 2.473650331991931
1.6413441808698739 2.6369753785497023
2.0375 2.575
1.992594483836416 2.079594870734039
1.8513040336645301 2.6547504308052394
1.5873780937446333 2.797728603774631
2.1708525436184067 3.0473339362015226
2.2272054097895357 2.8195843581410998
1.825 3.3
1.4718918628904107 3.6227030151541344
1.9765345428033978 3.5814808226926047
1.8740813470013595 3.216731753634646
2.436140059805439 3.3274501931148874
1.3962975184228816 3.202921275442421
8.8625 1.975
8.51917893269067 1.7280823969547712
8.92983212960188 2.2953386017301853
8.698048833569072 2.191643707788832
8.761660612744429 1.606078382885734
8.942849931713479 1.9647701088526914
8.6625 1.975
8.536087046259096 2.362439385486334
8.265986223284312 1.500239712649116
8.62365175049028 1.6532672633476282
8.031966934028157 1.5037993407495676
8.584035429271921 1.4137107678320107
8.45 1.9125
8.660438768400683 2.2147345645823746
8.40511877768299 1.8305513010551664
8.486877240807518 1.7763517201641492
8.560723174036692 1.8267016576095543
8.323999586486476 1.4645110634491814
8.4125 1.8
8.423050431920725 1.752207820652049
8.548948030147368 1.7292591791363563
8.28332440708307 1.4630371001645486
8.522501145864023 1.2195730590776948
8.850752625404866 1.5935104138504115
8.6625 1.7375
9.029983238368876 1.9299931318935137
8.951777062114642 1.7870849300854914
9.13756819749803 1.890384714077173
8.798705028419349 1.8441608672366656
8.970510817074498 1.709634994356675
8.975 1.8
8.606167513580408 1.6974228376318152
9.374287579991648 2.225918867503401
8.708849947335914 1.7718652453173491
9.064051950792937 1.7661316808553251
8.626270335418802 2.057994928942057
9.1125 1.9375
8.96128624463177 1.4997841855694631
9.095739557972285 1.9387150764638506
8.804164298390415 1.9859504284486094
8.888221089522371 2.0052847525017965
9.231180914904915 2.1211431857052405
8.9375 2
8.759468829949583 2.3759818571477354
8.649573245565541 2.005940093740142
9.07417142148801 2.112225813815985
8.956080780698413 2.355879911269723
8.898565027068615 2.477870752117714
8.625 1.7875
8.63661151842216 1.8258060962912253
8.508030502711117 1.7057916094480476
8.870485650208325 1.646652184718856
8.674311540638914 1.6213117424582435
8.286912529141546 2.0447321401334135
9.375 1.7375
9.665567388242728 1.3385567902098316
9.024537700048322 1.3972681162052993
9.444605002997944 1.7526129039497718
9.033176045554264 2.041130607634416
9.215438051345131 2.0386979526840023
1.181876394303949 1.1371367627133977
0.30862095175114845 7.5647435864540675
1.3707469652929216 5.151541686469436
4.862779213773571 2.207305166450988
8.004838861850153 7.753371233435258
5.0942844570294525 6.012346586198367
