4.075740556212332 8.628729319345444
3.014852739767598 5.74653891023006
4.7336496485835164 5.342229842715769
1.4134860059540708 5.463300543682229
1.836227619773431 7.437394539449556
4.386207603726493 8.346511450534933
3.217401784321686 8.555455539491032
3.0522763470088043 8.505958543115462
2.4481884200808155 6.036654764254856
1.338082374406328 8.386358757679494
4.082680857868807 6.520888380559043
3.042286562983232 5.1219067861985526
2.950301008430284 5.397868868775
1.9862362655221504 7.539833994852711
1.522362876729101 7.783111913700028
4.074107964076089 8.294644660783705
3.3764299654725773 7.2110307531415385
1.9034526500402755 8.099812659236534
3.9728667196097036 5.234769053713428
2.0407811046215762 7.488424068226266
1.6155446186165012 5.720023127848661
3.609962815071634 7.354701359278721
2.4233706378195254 5.505581714050238
4.199576201864413 7.400546520532248
1.48787595704123 8.135504389868018
4.284975362390445 5.940828901499438
3.656119779224612 7.201095607989664
2.5437092401775496 6.339750170120721
1.8364550894508849 5.379432234757486
1.5249500608981592 6.194159963897674
4.699647722488743 6.308226475039112
2.8464589122381496 5.081724129454508
4.945989881942813 6.855861299202873
2.0554607923463166 8.404317504538152
1.6735870705275122 8.506669082421347
3.3788543237969884 8.464669477476491
1.3973380054457147 6.628177038835761
3.2779972525924608 6.846343482482739
3.550410682299398 6.692092737895561
1.642581097069018 8.323425690187232
2.3092467589105476 8.687504873879782
3.6097980655787127 6.466902680233366
2.950842516767766 6.4690228611335785
3.9060352851516145 7.423826684889262
2.825003204890206 8.28288382157933
2.8722121279034005 7.561772841518658
4.386191625782651 8.181619495465403
4.7199175303858345 7.534314856135927
1.6659729042832232 6.407560328764229
1.9909842440316101 5.363149051709142
4.90019016529091 8.155783303803767
1.7367476218582893 5.575801054635599
2.63913824727349 6.535973631352599
3.6431815121682605 6.024173092425833
2.709597114745325 7.392863691501944
3.16235098095376 6.026662259052495
1.8392058061356078 6.134273937212013
3.1630194660253266 6.694079303743662
4.650766051742687 5.82080081026223
3.4666230024408664 6.38185711228963
4.300249623462344 7.030923048815683
3.071138045473903 7.852226987772343
1.269949490752714 6.965114489496889
4.600712782337996 5.544737294771055
3.2632306383839706 5.980997405348932
2.031258195802318 6.205748986966041
3.6013997596799143 5.88257648015542
1.7514600983526059 6.612531332126518
3.906540732903543 7.826998175798219
4.475439641264435 6.280713990832941
2.3301135880753505 5.3130522114854175
1.7557101749080162 7.1464589167813575
3.508208128282073 6.193843398803975
1.4852865730295264 8.271574529552405
4.7784745678048 6.150060862344782
2.58908619258586 5.36861013674717
3.284693898980069 8.288639275328482
4.5554338964145265 5.359587612731788
2.3752972319431516 5.770642725548878
1.4657602614341863 8.311291243884748
3.5150122058838837 5.552002907898331
3.5541806532629168 8.65371125225781
3.6656958914493716 8.54735566450029
1.9177348263261642 7.201213696304845
1.8533832235367207 5.799477295803236
4.9908832252657405 5.486246969950352
3.7166687292620404 6.262309748692142
2.1975704658513604 7.5120435233298135
2.6199433088386295 6.079173941124231
2.2593061651044146 7.709172929462829
3.280821382877113 7.495504190721677
4.520645441675333 7.2148323280587645
4.675245427140326 5.684051188016088
3.7927361930540067 7.474419535085252
3.8064251837081486 7.149587299759899
4.151867189764081 8.026843980511996
2.2138592822091425 8.71106842182711
1.8883431346153938 5.477620966865365
2.8860360105427327 5.5515531744162345
4.329565492662415 6.072787148589355
7.61726863710233 7.477294797858062
7.717885686663875 5.129285099625415
8.552867355738044 5.11189685287764
8.118803718619981 6.875424509720285
5.21472088197835 7.619964494391981
8.620256055918064 6.2005839734071415
6.564449008054379 6.6762530859053655
7.873779148208699 7.4745179058773115
5.823979377172575 7.9059082125922755
8.721893129234681 5.850705485922069
6.588511172682617 7.574710581389906
7.116024509406394 6.163108885233752
8.50736728982088 7.358907097432905
7.22210741850278 6.08929804719604
5.863212242705657 5.693373702099922
8.62481773307872 6.778483942865384
6.0459279461348725 8.602088321838142
6.8067445787500365 8.150641003214126
7.8452097929904685 6.527568318782481
7.038735840112556 6.3856046943915254
8.082605142540359 8.735219027711695
6.067984374383669 7.8919915244426075
7.331358163733412 7.644603573404753
8.253757824953874 8.28511346848633
6.596120747352664 6.575197022707781
8.043830330646815 6.743545000595455
8.678610207782643 6.51613119855457
7.47332115488387 7.835251373919329
8.69654912225675 8.233473189503197
6.651933051684189 8.638919731159621
6.685094693900988 5.833260090847856
8.041151380433353 6.489544842327049
7.842139563735725 6.264587799453857
7.969126087375734 6.621501756183612
5.573372017653029 6.511216839715599
7.821521806053211 7.671113543047715
5.2176007326264555 8.257536718511375
6.011075415496549 7.798962813122837
7.003540644338486 5.832014940601053
8.500291091190292 5.37189550885073
6.108446681085037 6.648165961479873
8.087849807531285 6.5105254379267405
6.137893659868971 5.28298544700335
5.223100182923876 5.704832584473195
6.936321228403441 7.3825820753714755
5.996482943318523 7.706555696917479
6.71391344059235 8.038847980253555
7.33622138470322 8.386937225065859
8.042605047502125 6.296405260529857
6.290150221344214 6.3396595164886325
6.686499059166119 8.219234654497537
7.320709737561725 7.72068664566697
6.008754949760268 8.370683734128246
8.684152506185239 5.871573020690164
5.317702372991511 8.328278140157874
5.061326939213541 6.563172829607143
8.720640284726372 5.970027658073791
7.761254157365286 5.258896222966651
5.909626232252899 5.445370869652725
5.470776406332125 7.598105410299358
8.323365401668259 5.8326696879983535
8.271281116150986 6.357565779092305
5.942100542845938 5.601474092568935
8.322514201147865 6.413925278748512
7.438031368887048 6.975592994929533
8.139970913380546 6.332712292711089
8.36968537270386 7.656791028465892
7.532983427763845 5.555958332949269
7.424550950446888 6.069189806883751
6.2487753968064546 8.309465041941724
5.327270791718254 5.2842359670140935
7.493889485204879 8.502188766615285
5.19303845534384 6.960954776780407
8.54967498376387 7.108665145396524
8.266820278450922 5.691332433051563
7.061132167468349 6.695391770317613
7.022201666513931 8.141492967342321
6.471997548711587 5.407860407519304
6.766299455735428 7.766517157914274
7.45147807092348 7.002149849048443
8.219348658318614 8.616826680288652
5.21068566992182 7.056209378465496
7.506516207476307 7.497223952781491
6.549325103032818 5.519825997282968
5.513381317844976 6.897397094756364
8.432084786795395 5.448855835445829
6.770103028001847 6.987065839373399
5.682832805682346 7.059445591439736
7.55286706087945 6.289555798303979
6.948483384391861 6.069123772286913
5.623596653599378 5.611375429456508
7.507929503005475 5.840178835638133
6.303339545894343 6.132755785286465
7.949712035114412 8.109474026447966
5.988953094937887 6.816011543965398
7.518534102576121 5.911925613803523
7.970873101911307 6.308034339268396
5.6396819361360215 5.994371667004571
6.484321933945426 7.0288216947941375
5.325796319752092 6.83711875352697
5.9162923187413154 8.224894614141068
5.7247713994646166 5.033268796598814
7.335233684178538 6.123365083207918
5.57972284013684 6.159295808647085
6.101156709617062 8.180140156838126
6.885259417312904 8.687702711885608
7.7711373177073195 5.979105069685034
5.548687044217662 6.295720066934727
7.981670178032944 5.9840430920055265
7.89076136391391 8.158387672192188
6.230858436640764 7.43808409771393
8.420021637214514 8.475911027787955
6.999418038516621 5.778637525209182
5.957294256984139 5.610378059743117
8.091576372710067 6.768440070553547
6.129275752072955 5.497327098043799
6.759356963878493 5.993776256404048
6.412907974668952 5.646406534815824
5.176860726292717 8.524327943278047
7.582687302747774 7.148727096717488
5.270158710704997 7.24896514363747
6.192866929061634 6.008536256446405
6.795988635378419 7.96909139351987
5.5311459675629155 8.722237753574152
8.686407001590513 5.397163564057749
6.0627257856068635 8.555754130210202
5.5891849511452545 5.614653690151987
5.461290725070326 7.224736942589674
6.4412573440162815 5.433456188498999
5.629759279072549 6.693500154991267
7.839311977079971 8.32598818969397
7.814190290874487 5.7048478270682885
7.736293950274073 5.091199743228271
8.19354292495904 6.775427156957617
6.662169925181142 6.082727186396161
7.536254113195753 7.169061984377453
7.759587382314123 6.570047902601154
6.778679343940738 7.030997880985747
5.88556715532521 7.776711703434502
8.227084412390898 7.010619222917033
7.633847938365463 8.43994475204488
5.069666194077372 8.412292874192627
7.641705714598487 5.134861304411568
6.192232995702311 5.72343136158518
8.604396022881058 7.68044569520387
5.512824332937215 5.529186108019063
5.497933708784664 5.855142651574152
7.536680526216804 7.8706528172161425
7.657180937334121 7.3262767686759585
5.197600951021002 8.226670024247081
6.880425969117896 7.803458880948443
5.560202866858519 8.170467045665674
6.384775057691253 5.464430892390839
5.975172860932487 8.211676730685003
6.186298665492225 7.421569290524455
6.126964661134894 7.141813411165207
6.557949166199525 6.874924226892844
8.233296478456538 6.6018906727686915
8.197134401177689 5.3371797505027345
6.375126735372831 6.836971984033633
8.465051587243911 8.307107180904401
5.381486976814721 7.699665598590168
5.164132569751492 7.938480447811929
8.000144635048551 5.777273230816512
5.866215188423134 8.09149468071961
7.335422873149045 7.8431640938431615
5.144007654829831 7.16577363014145
6.607960638391094 7.9528652609793395
7.919907996550004 6.542114870513953
8.485086596413021 5.597835015730015
7.659196356920205 5.204174399142677
6.027989690015536 5.032889549350374
6.149098108394412 7.115500768990941
8.207338591308732 5.653262990084231
5.837299909874377 5.4796736374483626
6.822921606798786 6.39321176635887
6.815824503226324 5.945195515727196
6.035078547019756 8.125781634387415
6.7933544883736685 6.681249334771707
6.622276721556879 5.1891073170936455
5.877588683656189 8.342086143106437
5.0311722476257295 7.7530111138235736
6.897888072886625 8.547511175703281
8.136717985621013 5.954300718193744
5.523434109753071 6.243898019912647
6.762637769279872 6.664333760144551
6.195588249775922 8.61343762743191
6.546626175607807 7.044589326286202
6.790890563761022 7.316667539994327
5.020691950049054 6.761513979386296
7.743443952814559 7.925808100969777
7.154070044360921 8.02449616438707
6.345199780405417 6.104016509653438
8.521757466614206 6.700591231709072
6.097454515206406 7.114502618780757
7.151316574866753 5.518365420879865
8.117580501555349 7.333283643215429
5.723015246321673 5.250057192623023
7.738440810452735 6.916977829291748
6.759718542322018 5.347418525714436
8.053093839773855 2.938413576256842
5.395598226274134 3.393696988339498
6.397578042190574 1.3979516315032214
5.791908179683228 2.994222050910851
6.506228825561737 3.720689230439487
7.398533928934592 1.772736962568868
7.7720021188138215 3.676360126195516
8.396047657740706 4.357797529962291
6.7057560640619425 3.656073789037176
8.350837136975455 2.5086211635344298
5.650275818101038 3.3506681274701577
6.0982716242887385 1.9694704060231132
6.368984214859653 1.5819718656215997
6.74062345851261 2.238190991589319
6.160628278060871 2.2729769360462284
7.206683923978962 2.1558763270652803
6.2805572160995435 4.573759183518925
8.152388458371348 3.4999532811325595
8.108840912793053 2.35475806831856
5.0792786716088365 1.5400123333652034
8.09798683499824 3.625032415185905
5.992721678449158 3.989414104048264
7.49268353532712 2.0845857932540666
8.560461530642751 2.0776778558123823
7.459849672647938 2.110672292766631
6.9108391773989295 4.414528575952504
6.760912179042561 3.8654094471288603
8.055605094791611 3.217668121823576
6.163117176634598 4.7190466859335425
5.011478677609749 2.5284835391830542
6.800330370799633 4.83605807950444
7.276120299635619 4.402427193255727
7.807898229056524 2.3042211478912407
6.335034814482971 3.0218357853497766
5.171825366553462 1.3074160410606765
7.403526304834844 4.382242788578963
5.718383521852306 2.6331142713674582
7.568713238420481 1.7291820741159143
8.406856328344812 1.778515447945057
6.623357548342551 3.460524725690493
6.366938363783442 2.6910594004153565
5.874993343919862 4.499453954026298
7.276537197494437 4.323676250228137
7.429459576754714 4.52022539755708
6.171559822582554 4.373204632232179
8.555918297792854 2.661170378496712
8.313660273956794 3.86257340836442
6.083608822115152 1.4466251513706425
5.406717943576197 1.7451343348445902
8.621988532567096 2.750658963072803
5.647663294421266 2.10409873779592
7.837725353918076 2.313155801699293
8.748053402445642 4.736172837640262
7.7380250373225525 1.4551839016341233
7.344340050647171 4.303967867172863
5.436126996179985 1.7481380890744773
5.315856859226866 1.8889517488490213
6.714614048289315 2.6646617446262097
5.561510087792972 3.732097914416454
5.137335126973052 3.667299276371886
6.89965154335451 2.743780580217998
8.139945778890802 4.902341521595837
5.125166113151106 4.283942163126405
6.454846423350787 1.922510026647484
5.513164952974605 3.6866198355483313
6.874874837635888 2.116146573020424
5.451628407193512 4.875874120972019
8.351554270238681 2.2491888505756266
7.552462043435005 1.4986054567649816
7.041923162985003 4.979951639048876
6.837031079732705 2.3536834872003696
6.292665416738025 1.7410381560551174
6.453898952227182 1.9051905941935359
7.931135657474397 2.168512249761508
5.332957410993981 2.0503952451094802
6.122388946779954 3.461408041737555
8.22425438673269 4.1118720521148635
7.831391759548383 1.7500061476814068
6.361169331902958 2.226253777751006
7.866419169165385 3.174131790198089
7.972127399125095 4.290114650155012
5.7000721060433515 2.3344865136361035
7.472688345192941 2.5083987116481836
6.223666811954963 4.454012708099109
8.057527238291433 2.9399443314493454
5.617543507837548 4.813633550042373
6.014396426242841 3.506288886725784
7.3602306115328515 1.556186136737
8.600190913170731 4.01486468657106
5.472401645286501 2.896566561448766
7.124258241716442 4.564168733426166
8.326296553030721 2.279762936524783
5.69921732583602 1.8441201848811375
6.251240077442144 3.506215693699488
6.377458914334639 2.4987159964471117
8.667456829631371 4.8279477466128595
6.208780691214892 2.925742778986529
7.346380573154056 4.935553128724188
6.467622420033931 1.5403019291789348
5.976270796537579 4.971451154434137
5.434912756409878 4.164248182029117
7.482119597746783 2.5678898849541696
5.137082347093948 2.8169620423906694
7.409232656460654 4.664795766901884
6.511531993713592 4.262040579620949
7.1044450317294165 4.1646807416529406
7.793156371660823 1.4322657225018076
5.341659496700752 4.415204321629791
5.186589764777098 3.3628523511020774
6.224453089108487 4.429378747766849
7.698657573856336 3.16509101809834
7.175091496054907 3.6351366054103122
6.682855366027669 2.956991493109453
8.670208757300259 3.2874493109772773
5.041072911653019 4.176822327295805
6.0112721203612125 1.914692670510729
5.081824616093694 1.9306632669961659
7.012505841580141 4.875993253991297
5.023639899537492 3.437668473994873
7.580989977083791 2.7251151395410487
5.208207879559742 2.5478019304426085
7.8670250257902525 4.8431227569918045
5.71801661642603 1.2643856687045527
6.549012653817206 3.2043446792379298
6.885689345593737 1.9660886086702363
7.752931247970601 2.4664640976009222
7.814676095422527 1.9961008495898398
7.001983606137254 2.897219739951777
5.342018783414708 2.7315878680418053
7.131274838733252 4.805061941967901
5.849146087984582 2.5794652418028603
5.1692606149675315 4.636059219088181
6.1260469176483685 2.255313884565062
8.112256139594901 3.6846352051207534
5.578238966399608 3.7548563492456113
7.099849127745033 4.9486965487989405
5.251557951839937 3.368312784285635
7.724028128984509 4.718555451915685
7.719340653927452 1.6026978222240387
8.121223395508895 3.1585359567371922
5.730285314040439 3.6036401527808666
8.4783519108989 1.6700869746694564
8.051961305360507 4.479418505225259
5.561250372533964 3.4238264900389597
5.625423818766601 2.72128646922132
7.297518182667995 4.108902543525776
7.788362845555655 3.5955650147426765
8.57746291917855 4.539036570723354
5.605043216912697 3.6665726648422607
6.512945180577074 2.251938034286229
5.549867140058904 1.898961664249218
6.676736706551017 2.932397185847242
6.159127663908165 1.3752389383057904
7.848063178527298 3.8977678771002844
7.500487626638349 2.9203494837059765
8.35639778969713 3.5103252185453173
5.048077655345178 4.438418208913092
5.334526087791756 3.7079882229752257
7.702072997299242 1.9331661125710453
7.831467090431016 3.779528159805408
8.497008006428997 4.169115318395501
5.406536054753616 3.2794378523063386
5.302618213372406 4.650095779119164
5.022816214795197 2.305613909144614
6.583515340187104 4.0367496151958955
5.320747594417286 3.3995454381994934
7.184738334016059 1.7588020092867453
8.127784555754443 2.6533851256347147
5.534485324777987 3.175874004333919
5.843516021739702 3.496743358878125
7.5431409230299264 3.553484816979625
6.533062894863711 3.306144993341141
7.9008268688477425 2.315286232333338
5.540426819165872 4.879046851832388
5.215971548879372 3.2213621724357666
8.182596870625279 4.474336413523808
5.878192673646286 1.4905579438995489
7.449959864680144 1.463369838446701
5.149102375099347 3.272820746277746
7.875486194564374 2.419907535343815
7.433533728758806 3.0219282568866603
5.861626612371677 3.3008747524010973
7.2780943611726086 3.9833244535986934
6.635465185400415 2.72723165767099
5.220303228507296 2.5699440172171593
6.19919463271067 2.320331355590999
7.4025200001018785 3.3000921877489473
7.697856769291012 2.850954511193656
5.036650246138375 2.5864682757631003
8.310721336311861 3.360692317853508
5.889876795170887 4.906842695171729
6.477210685666781 2.538766204478134
7.715767687055914 4.608285252760312
5.211609162426814 2.8275105897487407
6.8291024337327455 4.5826934367558
5.006522418216388 2.6475674462436545
7.508574517936452 3.055190708419244
5.786757221989339 2.457254619109025
8.211604770369107 2.671525654530393
8.463151899586219 2.996587908545112
7.941168533806062 3.960529537773971
5.995750338478318 4.509999227642409
8.688540129238298 1.240265740609317
5.643482589984566 3.3987615644560902
6.771850845711458 4.3822862499371
6.205252415767118 4.687458517293743
7.695080911119717 3.383810891878704
7.775820526288332 3.278628586267678
7.230547063942735 2.3681515180532897
5.818984858031511 2.8928802582614623
7.947440343202379 1.7120039664122415
6.237949099482881 3.0478332547729736
6.62050742356274 4.823319803414609
7.136142531427322 4.188198283161511
7.060756014996199 3.598570859008941
7.524107765970304 2.806491511904871
5.6178397263389455 4.775139816012431
5.799001488221299 4.656991418648553
7.990118528657044 3.069436980154819
8.475172656928669 4.8328588505584955
8.242651907840534 3.345879547525081
6.415596516920409 4.904090415499237
5.698057543561257 1.626800371498301
6.64144027065038 4.758838281583472
7.599452499243517 3.3944042708214694
6.276737991627852 2.76592610797247
5.8701890635498755 2.709474306103263
6.4766176490138845 2.880419880224126
6.16241647673324 4.769031033100713
5.467020586920502 2.9328292722778473
7.53196027039337 1.8155258913322598
7.898387771963539 1.7385930810628225
5.874907585686165 1.5616364383947356
7.771503970734793 4.568178962578765
7.218559331212125 4.704368879329237
6.407490920177187 3.647503621655601
8.448355561176484 3.196674518140695
8.669702449709 1.8430599431983694
8.18870885328848 2.577640400828025
7.270039277823818 2.222795842199983
5.577648135033287 2.814313432268969
7.633050383090127 4.121193376595336
6.74107193646027 3.111131266757289
6.513590023890359 4.355788011131425
8.164719900136987 2.2067366536067823
7.572131510159968 1.98272456261774
5.565992265613028 2.723786472576734
6.421773670844409 2.7204762071526103
7.670676992766128 2.0348720604610278
5.849227729874792 3.4687936516806572
5.618539953888545 3.498541332628136
7.253859268250357 2.4512159774504467
5.436323890244929 1.7348766824923332
7.83671006978886 3.870809069338742
6.049584056413709 3.565739940272934
7.280244114253665 4.348246972334365
5.026840729165167 1.893910765468712
5.794586938905726 4.589557191989674
5.679852372543765 1.2873717478624371
5.077118356186542 2.65959005217978
8.601952089751004 3.7923804273132973
5.430375958810155 3.8406513464257257
6.571289101445283 1.5852449110396492
6.103804461359871 2.1993047858039616
7.897252525608922 1.598127645279321
6.107552235248198 1.8842746958314678
7.944497906003319 3.813646292900401
6.415306914848047 2.4514590312542808
6.966509503847166 1.8339732233920614
5.7899643747083065 2.9224147837004524
5.259311344687861 3.035655563088517
8.369751474582593 2.587133148212625
8.263781937593658 1.5201263447289406
8.745766492439394 2.340774082404343
5.306046921734579 3.307720638589919
7.557313643970032 1.2990901547387765
7.81412120896394 1.4638436640644699
6.055104347047072 4.504257758460432
6.425628082928839 3.511557203734108
8.391766793958302 4.764513861261289
5.5320098103565245 2.7838503874595757
7.982064996047859 4.076707921957505
7.578598084590072 2.124250682267332
5.901173640129622 3.4741084455743376
8.563788721642357 4.169879998537094
5.866369604612823 3.8574941677963523
5.032920295341969 3.237787672717812
7.179875469790119 3.6140070392148
8.483928506215534 4.924558968292518
6.279523109729987 3.8967814478738347
5.410116475821217 3.373636182262871
7.0929209804171505 3.287437435493122
7.525007131087051 4.404546458219916
8.203475020961145 3.269535053291918
7.613755516242897 2.306178600480345
6.602612915465859 3.0645857565267476
6.526836540028756 4.880246095709952
6.534106894091087 3.1500339064147056
5.359755330610166 3.8420209894598316
8.146030233138486 2.3265219314262624
1.524696399526565 1.6022096819085987
2.451401944046533 1.498343773400697
3.2518600846122423 4.55045483634394
3.1562343647792277 4.385323640140153
4.122769877697224 1.9532626151786743
3.783212597164359 1.929710331126023
4.192434119572842 1.5779179483729693
3.4232221711673056 1.4907078753215814
2.1479044615341234 2.4070788547701385
3.974575492214002 2.129744968406288
3.7402561974829966 1.3050829177704202
1.7909601893507934 4.17183446879782
3.948568107124359 4.714484375376153
4.982728509270325 1.2567247003650877
2.307895101290286 4.554178106008054
4.688837266469054 1.4390174830882927
1.9922975726164776 2.2296401296214383
1.9195462635767906 2.463516622256037
3.6707223103002287 2.053400375733605
4.199590671940646 2.7049184003856026
3.1710690941182142 1.3058677691773966
2.0672468743195163 4.139567023986163
4.80487152326458 2.239128291302657
2.872545192884989 4.686428852148533
1.7127603581252018 2.0241759202731915
2.8216080715348353 2.191875956458131
4.340083164959383 3.4848804465102274
3.821088273342106 1.8739514906694807
1.2951368700819175 3.5688931900077447
1.5947007183446047 1.7647616433737696
2.512059635999118 1.8711095767445158
2.2766225491277075 3.0120744825151546
2.1921999018161267 4.110389046417568
1.846237774633531 1.8435273468816546
3.8459318768104254 2.9834017330309877
2.947216163552424 2.718564238038064
4.124272246361863 4.934941504443951
4.218763731847761 1.698985164830816
1.8589790222630078 1.9013945163173218
2.020437633012211 2.006363627955068
4.997938723688348 1.935932077114677
4.481373853753108 4.922340634135405
2.1882530736704817 1.8822272337176245
2.5507394048182763 1.7350004496102742
3.9547888533724618 3.5365782460653774
3.164462602750869 1.4415651097045015
4.136920888627676 1.7828838726573906
3.7061634901106744 4.063891938616445
4.543996685793596 1.398096465864367
2.5946943335725265 1.4826560247120368
4.148735453069672 2.5753315173727076
4.333123132577709 2.5608881476098873
2.3789798749409945 1.7283392366830412
2.996454190587902 3.684322847070066
2.815053881662787 3.170266151988733
3.6660841238226283 2.5959680184620795
1.608668621296046 2.243773179472271
2.4663066588574374 2.954466754940337
2.1306813797043 4.571823912774908
2.197941561669917 3.765631725706066
4.320090305335247 4.767437019382163
1.363232962031723 3.4750289630187963
2.790161537478533 3.041118576263581
1.4745754981774641 3.401218832149857
2.2850229504635373 4.24494022651656
2.9272635396300055 1.712980277560996
4.384506555986756 2.357211074288209
4.220215532736885 1.8742105191511542
2.657791149690955 3.5527958600756335
1.8101154963487947 3.2992522871707806
1.6563342396821692 2.164015166192473
1.6889447467866052 1.6108513205152035
2.687460004816947 2.065125872683461
4.395854972613665 4.97403304472089
2.0191604876772846 2.787779870400628
2.3301367096369354 3.97366406142296
3.153158524192827 1.3871948934240195
2.1910432890637894 3.1921393408401344
3.7612993582152825 3.7637320744517537
1.8779108617800564 2.765239793139351
1.5254952545734297 3.1876050546449703
3.8703040131492967 4.970021033858135
2.9429150004706526 2.2821918952706737
1.3246328258309483 4.083923014823754
4.249462912185583 2.671672495290582
2.8323581422519872 2.14611430642843
3.997137734762832 2.8914341396430445
4.6513968089321995 1.969397207712447
3.4227000312066194 1.2651027731465745
3.659249010177116 1.6259045422917908
3.071422087944192 3.630549103782303
3.3007712668724167 4.762504307727423
1.488147339931032 2.6451150191943684
3.4754480845347557 2.0886593323034504
4.852370167889658 3.0695995425707436
3.0093793834916367 4.766750192391837
1.439672626969375 3.797401927252028
4.677481667979672 3.886264124764067
3.59335671618919 2.0386324186712286
4.389302359732743 2.112584166308987
4.845704542496802 2.076337638373886
2.012635632168215 1.780256993607648
4.369787824277369 4.522492991752564
1.8316754365967334 2.4556361400378734
3.113107958905057 3.2989995237468817
1.8192122131896273 1.6451994832539412
4.28062843406104 3.075916609631977
3.826299259931988 1.7212981086461638
4.464919715623447 4.149524153555576
3.627567403039218 1.3388108859214385
4.006023811230206 1.2438632149934605
4.633009722362244 1.7598182870386752
1.6253906790090504 4.9517112791991975
2.0381144494354886 2.0140187371013893
3.9970899828259077 4.826333893083468
2.202030393166967 1.255779384981946
3.3498384920978572 4.133552913587234
2.8089503376285605 2.9684430906050436
4.870723372882657 3.509933145867805
4.830078663504228 1.3562260134061064
2.084334745530777 2.8410446380343415
4.400780419965069 4.113695091131805
4.58091023347161 2.3336319076599708
2.339246024045315 1.2730213830128263
2.2163833506441764 4.422899202261037
2.300266829706738 2.2100006542037676
1.8514155557995349 3.625906195009557
3.548176099637007 2.343973600258302
2.7631916009994595 1.422446301630751
4.514201563033863 1.4134346415250392
1.297649971247448 4.316617447879955
3.689534156623317 1.9527395245874488
2.8661051531636366 3.161320734079851
2.2417339611986735 2.0200403097943154
1.9872483904223848 2.1506083379918834
3.4018998053485747 4.567609426919768
3.215708300387823 2.9466241168313574
2.2366189832544827 2.610393416022892
2.597449599201436 1.8953116863805435
4.4201646660900735 4.5719694568178575
3.09617462494607 4.261311879491409
3.0218763127336015 4.460059499431624
3.8986134114079647 4.834186897698606
4.5200014327092966 2.2021263333043493
4.94566474927988 2.209162493841609
3.347965691083085 1.8947874419494397
3.293477524307485 2.760683247811002
3.254588070607828 1.7665233520025623
1.7673057790670808 1.515773335953159
2.8762616054122763 2.1424883853257795
2.273604233389063 4.637175981725454
3.8211280064866147 2.8877513517267133
1.8509780042181254 1.2716005507112356
3.6857155482189663 1.8763035889968465
1.6506234163155404 3.3454517543300115
1.3798271368983213 4.768044581158641
1.737628797006628 4.411314102361677
4.997638304121796 1.5169579245934883
4.533051974980213 2.074423067371478
2.999953323227307 4.504670831041244
2.1096320866831215 3.0119589099021935
4.299230615765412 4.121171777415919
1.3139237172094638 4.086138290988265
1.2798244806375068 1.8588547672152658
4.678149777940423 3.082320347124211
2.1808263697535377 2.401021684209856
1.4815021320954198 4.648410818822085
4.689552610761692 4.96304585989977
1.466666563095319 3.3328052498300167
2.1228803420620515 4.468136981152599
4.544180915716586 4.477756959078483
4.3874121061781235 1.5728851510230697
2.5041304901155046 1.7800083338450663
2.040928779023907 4.693805274128108
3.5630989379199023 1.4696194966236988
3.987610417836355 4.625741385466982
1.938781656887678 4.060863074210863
4.932253175334928 2.041863168065677
2.2918721102267314 1.6484088649863566
3.3158334330088173 1.8208296265124218
2.2418800391250486 4.444608492650533
3.300878219400238 4.453147837868161
2.8681050719247407 4.382420742033383
4.258217904239009 1.5722687192407476
2.441082056402678 3.7428106587662278
2.8905326493894057 1.5452276854793212
4.275082183615382 1.245170288290477
2.759191545759075 2.1478751107290437
4.06909349609864 2.356666152456543
1.678116515093517 2.557689515968774
2.2495153491930813 3.543233034273645
4.466173792914327 2.0914954631453555
2.836229554009633 3.3260360929163015
3.811848775560166 4.278395937176463
3.7049182756716847 2.8243239029252307
2.848627573863805 4.159243345182548
2.1682258329192154 1.4875369059927124
1.3328368226664904 2.384011872738179
2.3670948908561966 1.4068211329337075
3.0063743048191953 2.0514734133644765
4.293948906010334 1.7824359722574485
3.9640945224373434 2.3022597173319497
3.4221362781983506 2.245293726971204
1.5537683219552678 3.342706456419356
3.1586554205056414 3.8267500255320486
2.481988489312132 3.931755117311835
1.4397247432180016 4.253761846703665
2.843954259657952 2.9569212245229695
1.4627149556510064 4.610339785740795
4.565714132116344 2.2191968689192008
4.042034689744152 1.8895526929858248
2.387012150959477 1.6540736630764499
4.551469077308187 1.5062971585810374
4.032086294323273 4.300054972731678
3.220571615147231 3.2784197230234495
1.9945417734142914 3.446117992104358
4.074458005887971 3.352317302868893
3.788771633044637 3.855399226514815
4.502475370076983 4.253002260419938
4.7684391333785685 1.7375473003928419
3.1561492473094503 2.0585882869454166
4.6677801045008644 3.5078431716043212
3.797313182802756 3.517651393457844
1.9453756070971568 4.346608785395402
1.9944270905301447 2.266463940660715
2.5064771788391087 2.7920665580212445
3.9393179716225704 4.832972056011178
4.519536517605481 4.4306027984242915
1.3739461939347648 3.7911835941329515
4.3953257322955155 4.049992499807858
2.7579897367846287 1.5453108442878716
3.2577850013942014 3.0558598477716203
3.4471930363266794 4.938541601382474
2.2011639939386614 3.011395574663527
4.94161466959586 3.6165357318139066
3.2911794634985556 2.1926138849714873
2.4723816224742374 3.2547292250980773
3.4337158597270645 4.843378241544377
1.6036132808639494 2.7727863700159476
4.8472542219810855 2.5470578104847292
2.383874704455952 1.8906335485275647
3.3967399815652213 4.751567387443262
1.9291535057032578 3.0268424334114727
4.981901943579336 2.4049056376790716
2.3905606625785665 4.312326377814948
4.379759600366645 2.733117009322959
4.98894111853707 4.909525774944596
1.9932015766614075 3.35496036433986
3.389426832608062 2.5006557892343237
4.710062523352575 2.5006778764698057
4.466159769501317 1.8303130532781666
1.3059169330741853 3.4139571605504018
2.7880094950069476 2.4335181539021717
4.8600419718525485 2.7252038780629833
2.821209890394053 2.015923443087149
1.877368931818874 2.056629575778351
4.570771903580583 3.3986343577650375
2.1586795258406584 4.572331011903383
1.9214016470476942 1.3772512341484728
2.9303371878701645 1.6115826015552386
4.588071464903484 2.5054853996323714
2.3120582139858965 3.520619772632068
1.9182612023580758 2.2312946680304977
4.516150642840349 4.907366589495369
2.655453615202761 1.907346593847771
4.6608692688722595 3.118175880820381
2.0530393561232443 1.7255214065497513
2.4204318171972745 2.070569382219685
1.9390244732002497 1.2457508813159932
3.7110052125111075 3.655021005972709
3.6476942827255363 2.659415260646777
2.3435095556232355 4.853004265646684
3.100144627724135 2.685473681053999
2.4495351451902203 2.75291620675292
4.360710284450137 1.824261561312096
2.0074103122809426 2.5940731296594506
1.4204872878941257 1.3316266189419879
4.3802108560365385 2.1660638072512626
4.198881772557886 2.0041845203874957
3.5971334440368943 3.483217025702646
1.9168865314851176 3.274146344198762
4.286090546861544 1.7268751166447545
1.6074808111313341 2.3043770470887894
4.378876602564793 2.5360866786062872
4.7861298237442504 4.653491997552835
3.0284760684436147 3.1107449696469103
2.0775771531673994 2.8058671054002473
3.3998818293789355 4.966008787425936
2.249461192797728 4.612695996737218
2.970676493468029 2.914917361160407
4.230223984004423 4.021560076816693
4.4366083999043475 3.9519657655341462
2.1029709180699774 4.398857344403032
3.511943310438531 2.648969498624325
4.004751470204359 3.649891093713811
2.6798939077974775 1.3665693262324254
2.220538034318506 4.925117320333612
2.676910677835651 3.0559984167932925
4.285688479821256 4.54323484760986
1.8095154909324485 4.545958708473075
3.44887883060278 1.991226094201417
4.9521581750127694 1.9109477503667662
1.776748322796297 1.2875097636910056
4.759465839540693 3.4944311568503323
3.8917884535030334 4.626001405051719
1.5111379648182985 2.07869358112944
4.268173619566278 4.814056736418125
3.7986709505669056 2.555340814350649
1.4774794954280521 1.8618085169673122
4.446921797081584 3.3382586274272428
4.5693151423375635 2.234990660680809
2.2867006617560577 4.148900303506698
1.7411577861476328 1.8030438792991716
1.866074721782636 1.5033725738872392
4.794460629568981 2.47193988690547
3.9324700506230976 2.219761318136034
1.5487476244024059 2.452138342777924
3.6477661599931794 1.295862209306486
2.5476469224086054 1.8977836566236008
4.759363561009161 4.889006498376037
4.129567822235666 1.3475522751480924
1.661704389178297 2.734053946584892
3.357264119114298 4.937386910510063
1.5447562618988537 3.8072385009260246
3.2763712739932176 2.126382681750357
1.8893963330810195 2.370886483985332
4.687296205022756 2.765291256600095
1.6799721313408007 2.937899367236503
1.9484260930543968 3.2096599532686554
3.0353906082535236 2.9247916153475244
1.6380530304124217 2.453502153841774
1.7592051233958703 1.8337356853098696
3.640043737803815 1.2758692077302627
4.337509370915039 4.085102931593804
3.424638724811519 3.2641132680439853
2.4293005582749543 3.6986062786071243
2.830745181059592 4.913024723263053
3.822597751955209 3.396085142761251
2.951736322877553 4.039937985975511
3.188226680791508 1.520044721348708
3.6586879785149287 3.248828081578105
1.3614573328509896 3.785495684771651
2.3626308673683836 1.805535206358698
3.408110293599999 1.589955819480528
2.3359876472449757 3.0688621651105334
3.072611856116785 1.858322235298735
1.8487425914125737 4.496853402104808
3.149438737963222 3.0465529105390203
3.8513666567294313 1.5513529331384575
1.7695320265727226 2.0552183537283994
3.64436743347209 2.8608511365947122
1.6790600943061356 4.958192147491378
4.274654604717812 1.8760860916172746
4.575669157338975 4.475463579114592
4.938695085307501 2.6023431818603155
3.5598342574781485 4.697989433350061
1.8349878469869112 1.4311140163567955
4.459352518066428 1.5903464709898287
3.6685101395000146 4.278748866528707
1.841123434366472 3.439268855672748
2.4873611707770853 3.8234970830836637
4.6682496130153535 1.4720366977089099
1.948144656598004 2.207367337917624
4.676047928226817 2.162489917059368
4.975312877345944 3.4862656709077813
2.0226025614810337 4.438769000382172
4.034117171131584 3.5324320214365144
1.4802849995035774 4.870688269307219
2.943544535820126 4.439461192232434
4.294865845870576 3.391321204105812
4.913522607880028 4.700691603980907
1.6637137352340374 1.5478436992787237
2.8378250913416374 1.9375371793355314
2.1331018956270453 3.8023191258436215
2.886566376134804 2.8667413983174415
1.302798832001454 1.7570607341100526
3.7343560739162966 2.9040051961890017
3.860838823484312 3.216194974233251
1.9444614189924472 2.1161431358936666
4.952539693942375 3.9210928390929896
4.559050799442226 3.340360428836753
3.431774536254946 3.045095919646593
2.880005015496042 2.3207653791420713
3.98662942158266 4.754599762297663
1.9769767751812666 1.6688001651607636
2.8335555256426224 3.693344504054644
4.862876874759403 4.093925384562132
4.59324979152464 3.479268502040388
3.131524925262666 4.831960075074834
2.010022575948436 2.7920709396709755
1.4490631240213747 4.504647963493535
1.487699705212121 2.1447411289748004
1.7121507838289083 4.8239577418346915
2.988480649714428 1.9894109433310831
2.204819462210886 3.174963747641557
3.366732596312903 2.586771259608831
1.8638124034925347 3.7926944116971697
4.97171499952424 4.166790268459422
4.663563005956938 3.673194098149485
2.2812878925526077 4.2657340129910954
