1.8625 3.075
1.8278864556650505 3.091851112092715
1.9654002195839435 3.4344644755225717
2.0893324229137837 3.3837586660511407
1.7459574692497708 3.1013716918762255
1.8439511304951832 3.017191537888408
2.2375 2.975
2.328716410032522 2.5133213313557676
2.260991200643466 2.9449810240238934
2.2285648254096153 3.4315426547784966
2.1802650024934995 2.9819813140093827
2.778825333455645 2.9036383889048194
2.2875 3
2.5068197258640237 3.0868512823264767
1.8276285467470572 3.161472157270386
2.2433382092496554 3.250409762826533
2.3372435296777727 2.754223532751385
2.1188324695374754 3.412148335898729
2.1 2.95
2.0967244562842353 2.9053000449383135
2.154389103723878 2.832635523903839
2.126162575056839 2.87661156303908
1.8478957083454772 2.6070448440443657
1.7584486949093925 3.103268628755724
2.05 2.9125
2.4697765147381956 2.7538457361195325
1.9610530355176912 2.9256469405610233
1.488266846020018 3.107240064294184
2.4107080671781405 2.744297786803952
1.9941888824662783 2.720642136080913
2.0375 2.8625
1.9571108073507149 3.116999395364421
2.0972799805524422 2.9597485351058097
1.713632491680772 2.8028111773175097
2.1493266399669455 2.6928918330281446
2.541053944969336 3.0583260073259466
2.3125 3.1875
1.9594495648970813 3.3272859029060156
2.116944755548856 2.7594305256193095
2.1842599107402814 3.072396115220235
2.03018126050195 3.388992958570374
2.591299176695368 2.7803987096335545
2.1125 3.125
2.2805320326671987 2.7430816591232174
2.1348525410052597 2.6781679639234697
2.233839452174815 3.214138076796279
2.1771703811998435 2.8616026458270367
2.0479856230233606 3.077041222400365
2.1625 2.975
2.572126369261099 3.483006393931292
2.3998050987480637 2.6049945325698673
2.26980321380302 3.239429521241432
2.3804892248999723 3.243980674759686
2.421659389517063 2.516521999751234
2.45 3.1
2.7092216074322453 3.4273800971640584
2.460411610705637 3.0778002498797647
1.791344916854402 3.136776272330853
2.1879301262529345 3.4492289088651846
2.337798025225265 3.2147937572956904
2.2 3.15
1.6759670621256504 3.0085863181592174
2.278979515461804 3.357600623123763
2.3398063662569313 3.030017140102639
1.7492525447262515 3.179274206464733
2.3124163157598256 2.683741212980183
2.2625 2.925
2.7476661935523157 3.115524439117678
1.9456286577676831 3.0256855888612093
2.6476489043923066 2.937950748303591
2.3430154985593274 3.0791716508228406
2.285281673617989 3.0074040927628842
2.4125 3.225
1.8824363437615805 3.2138313033869124
2.4550437767661015 3.3971236783258463
2.2636178980534516 3.3099426108275707
2.30317023779156 3.4571444144404495
2.5893795978155145 3.394602491443389
2.075 3.1125
2.1767902167771958 2.8479660288411934
2.0916035329438154 2.9311697493771574
2.5166892330296005 3.076621945051542
2.2389952597483567 3.0946067859091415
2.113359800662903 3.0204896921826943
2.3 2.9
2.771054355784571 3.0004408649992103
2.1165031620053174 3.2365623483789436
2.226238943668482 3.230882866425381
2.1890913828664345 3.024509837283
2.340792510310508 3.1292803119394903
2.2875 2.9125
2.7068551043539157 2.869203659451979
2.2051000835059966 2.8314249415914206
2.5372617761971656 2.923855472433233
2.1920688796330117 2.8507245683090816
2.3625948834920556 2.761503578297277
6.75 7.625
6.716712820395403 7.7320991216065975
6.9517758343435885 7.742459110852215
6.83470799131743 7.886833629044665
6.8491322604075195 7.9291609963817935
6.90251324353307 7.12520494160425
6.75 7.625
6.747524261177077 7.582412071552656
7.243946047743071 7.52436146093508
6.616831802511027 7.653355405869154
6.739499755097981 7.61374293043382
6.205313828576211 7.861309204754005
6.75 7.625
6.707587456562747 7.618373559887376
6.64574028664862 7.565337409515516
6.6954602110201 7.686686151333492
6.6963785344576365 7.403379732153015
6.941487892760762 8.19319552267725
6.725 7.625
6.901073730488264 7.507797076854291
6.604368194496563 7.40080052319054
7.061380078549204 7.659370712814777
7.127496357361184 7.213783314983307
6.769584705069326 8.170786535675798
6.7125 7.625
6.708043854480519 7.616628199664978
6.624759308855758 8.032098723763525
6.8322699275249 7.633768839899642
6.603018698855254 7.60711682945711
6.148860845162187 7.562185097456033
6.7125 7.625
6.406659381987498 7.76771561888317
6.918146841012873 8.151764426738541
6.847673579944773 7.55992254979265
6.699925890005838 7.528161953708194
7.2561938307743645 7.775610478521804
6.7125 7.625
6.737066252190931 7.598428309505778
6.833222076439315 7.316146050722438
6.707006942349959 7.597560732772587
6.567619145105375 7.6953242247498865
7.18960975671707 7.461500302656032
6.7125 7.625
7.19768258318638 7.426436893567993
6.961952000096325 7.055705143576162
6.558803955750863 7.4679982146791675
6.957404630331554 7.329572588723364
6.734993580931099 8.085687195163915
6.7125 7.625
6.557907328692035 7.23411817630196
6.545749716192245 7.680832502074324
6.90518839488073 8.053998425698335
6.351369995033772 7.452770592239932
6.515138550869404 7.941195981847885
6.7125 7.625
6.678559184384087 7.729151598926885
7.182669355007155 7.630607631874969
6.955988362445393 7.5989107307552874
6.672877461617366 7.757928932560614
6.505437651219516 8.019856817131174
6.7125 7.625
6.725151770764912 7.605060205857152
7.310681977326641 7.7742180050511696
6.596493774944657 7.814374941289517
6.990819710575613 7.761492673290749
6.73191098132889 7.66716833934497
6.7125 7.625
6.694651917330086 7.169594401488143
7.058664323446855 7.694127280643587
6.630195179167286 7.639940730743464
6.732340906002629 7.430316213359814
6.893098293333796 7.435387258660846
6.7125 7.625
6.912151032942056 7.610768293217045
6.619519602769029 8.159428334822163
6.741723165259456 7.230575706587919
6.481475866887765 7.73236720888746
6.663071017815646 7.497354649031019
6.6875 5.5625
6.706822481982465 5.5756650147163
6.669036618293077 5.2991329746352696
7.1814402407504945 5.77150070377372
6.770906948586584 5.576836934585645
6.239507898497099 5.593640397196587
6.6875 5.5625
6.577811279545668 5.58717913206038
6.765777158467675 5.4778538673837245
6.224717095383269 5.575177229777467
6.895737572044084 5.191609522494249
6.322797624091261 5.263271861946679
6.6875 5.5625
6.454761425143106 6.10764218294341
6.389304387022344 6.094956629476668
7.169760275788794 5.848784827903402
6.723470965867672 5.6227638494183925
6.970723525411141 5.397692387097336
6.6875 5.5625
6.933671567334507 5.674425108480781
6.792758381223574 5.486265865226379
6.688045074549978 5.57239814590592
6.7528850057544885 5.639794789299288
6.962206405654944 5.199693170272143
6.6875 5.5625
6.787778905360035 5.712173505438546
7.074587581065471 5.480213409066022
6.835865923564666 6.011197716382941
6.701097961888332 5.486636735642295
6.74187409483711 5.412214549955236
6.6875 5.5625
6.954514522135597 5.4537955358543
7.185741583710012 5.662299270993584
6.748778198700417 5.5798054095966965
6.679073613886314 5.5613978373919375
6.375289370306689 5.968337159213133
6.6875 5.5625
6.611919734086499 5.750327944396797
6.159490667908713 5.569941325485944
7.009037899557754 5.517386471373195
6.19222345876743 5.513986567252755
6.298761872655103 5.783534362199132
6.7 5.5625
6.756490901719848 5.908592170700724
6.994835215529008 5.809849000157226
6.616618593110175 5.7128382012718655
7.198265615118193 5.540405461429684
6.675798893580047 5.6705235081616285
6.7 5.5625
6.436368004741534 6.096876398624611
6.771781556190193 5.5724503224339355
6.698157882450022 5.389452106352573
6.64601890058487 5.014055460930544
6.286903011274245 5.502188538523622
6.7 5.5625
6.813418575247513 5.730323396847586
6.139950980320246 5.357604401321703
6.526580962052833 5.100754421809629
6.658325616146307 5.651276974261359
6.866868887268535 5.446214977154446
6.7 5.5625
6.7814864338762675 5.901318682847998
6.700071343883165 5.561726283778672
6.319635338042746 5.172273846320964
7.062004025873792 5.517366913563128
6.720168246778672 5.617176475332451
6.7 5.5625
6.256158238511167 5.664963817888883
6.607602461316306 5.511259350310846
6.193504746417449 5.788877412051361
6.507803699431399 5.173645788597998
6.473722758516601 5.211934709298812
6.7 5.5625
6.738635555747995 5.595611680174919
6.204735568011673 5.464175393038418
6.859856410798242 5.659843482478448
6.641958362347118 5.555871614080615
7.268852295098709 5.72674026675278
6.7 5.5625
6.700642567001088 5.562027643837551
6.402577823678412 5.508374842686718
6.945614407670566 5.944572662794757
6.547953755937206 5.102110675630696
6.903400615470504 5.315025653884031
6.7 5.5625
6.772973938459385 5.831588317256791
6.789915955784551 5.670411413389162
6.5225022804765 5.266268702727724
6.635578708763822 5.617892294146445
6.8659130223285105 5.362039632490427
6.7 5.5625
6.841964909048322 5.579518220950982
6.8038298044684735 5.827623090885302
6.740396869507309 5.449223025797491
6.868077992696082 5.513166080222077
6.7855688378958545 5.299370268086699
6.7 5.5625
6.692425933913403 5.454816652544435
6.703978760593327 5.997944518893429
6.693462084673358 5.034321778326648
6.138119747376697 5.683546958915944
6.635758870628498 5.484102793512734
6.26031401361161 4.207997826689944
3.0694765105438804 5.870313287781115
2.181264082991985 8.044006137605253
4.756557363998379 1.0426791691991277
2.6940466813240715 5.877650716303413
5.18848817015837 4.773214350374715
