3.1375 8.875
3.2763590765845025 8.923482360051901
2.900206013420239 8.387567188890035
3.260890101841113 8.353448509619309
3.1851571244985726 8.934839040613948
3.221143425782518 8.81925923608891
3.3 8.675
3.128149853296557 8.161161534212864
3.7907224542532623 8.269497987572967
3.178794613498291 8.693269418466993
3.339017161743316 8.979543809024447
3.683636024212697 8.634930262244072
3.3875 8.4875
3.489455608575817 7.8349452861426085
3.6174029663197187 8.477253280008437
3.4148815392823564 8.633942039317313
3.073511134035679 8.0112375247815
3.1202352207607986 8.14702331001954
3.9 7.875
4.421709370905445 7.567676542356033
4.4251965608082635 8.11214765328658
4.099728303799148 7.730404028996584
4.052371554392987 7.583340786177044
3.9175684829516584 8.169208762453959
4.2625 7.3625
4.932649123018575 6.125208860625794
4.359810606678473 6.09124322190914
4.82543589463552 6.4677513425459185
4.712091323413024 7.021265941158767
4.714655026432969 6.46213819004781
5.0875 6.2125
5.716066637000312 5.548689220575528
5.785311661464227 4.99688071338847
5.98330330282405 5.889499349847858
5.6585337180663675 5.452295401853244
5.039263482410834 5.831523364004356
3.375 8.6625
3.5086283151874555 8.760362370652999
3.707681681636091 8.49015141539966
3.363688137737758 8.585200697819676
3.241978490474589 8.649481531002902
3.7628470165108916 9.122509502969384
3.95 7.95
4.200295106844966 7.821648580535293
4.146965566204991 7.9386309494328104
3.709815117542733 7.348272701539029
3.7014302185583956 8.157553869229785
4.193397338432068 7.975338609403036
4.0125 7.8375
3.9389401231448664 8.102538846420966
4.279612622649937 7.759434967114179
4.000351750550075 7.90313336092129
4.293808808141207 8.18044692088858
3.9620486314045635 8.043915455120707
4.25 7.575
4.145642192579644 7.878676791934543
4.393979719979605 7.465918887873028
3.6854320575726582 7.718161078572075
4.089617369158285 7.197066468191558
4.759279898819223 7.162144213125892
4.4375 7.35
4.606228894514927 7.041085093382631
4.3439598219001905 7.105042212316617
4.650609570156912 7.089040819932198
4.684397858429723 6.60468421187638
4.862219515557674 6.724675525631144
4.9125 6.875
5.395164156815153 6.605962995005575
5.416389299022617 6.3639210980364105
5.287170043236901 6.36589028028819
5.5401586850760225 6.522834431977455
5.270630114560649 6.7609015420387095
5.5125 6.1875
4.997593657909152 5.974314167860841
5.605417791002836 5.841097455970995
4.970962616314248 6.135968903527622
6.075287014643491 6.181579807614395
5.3550892441335884 6.623072866248968
5.65 5.975
5.843598010857646 6.155537938445962
5.810830656213562 6.255602289842147
5.457655261364733 5.746806179278927
5.773304623234093 5.8910237836237025
5.964468479545291 6.068378875097685
5.7875 5.8375
5.329408260164385 5.499852635067199
5.729782529745519 5.734659033467137
6.2373418077407825 5.672144093879623
5.425274731466897 5.685069805398362
5.824996163488967 5.690021470203321
4.725 7.175
3.730030753682068 8.147104829946144
3.641495917735888 7.744331388460563
3.4965599992193184 7.983893130400512
3.887631872025512 8.041301670309538
4.084843224057982 7.783032068627496
3.75 8.325
3.7771329833057683 8.052896735060273
3.878743657561832 8.110601914770578
3.331655690786301 8.196793903975244
3.693050560914166 8.62322314992889
3.3113563990712165 8.405365199977245
3.4375 8.725
3.5629945230624314 8.443189960027667
3.8144898949766897 8.948169108416945
3.525906037706007 8.706101758524568
3.227046245325176 8.64697846907254
3.2565068032766873 8.573830974414708
3.8125 8.1375
4.087676683756937 7.628531327973533
4.221693122127595 7.592518723361425
4.240227327756145 7.498364051112614
4.355540816758765 7.272074856653239
3.822623237663155 7.558964453134138
4.225 7.45
4.207035973257092 7.205363143466274
4.311578742865251 7.358037927579465
4.166645421569296 7.608751422033639
4.278106009238368 7.17289927954391
4.789048393013313 7.164057804972273
4.6125 6.925
4.731425606680469 6.214151939155444
4.681219835887207 6.696750364573066
5.182776689763024 6.620233936611963
5.137448987414877 6.871062981305977
4.7503263842304335 6.963701787870269
4.85 6.6
5.219843519337031 6.2803410309062775
5.394365079073763 6.751632480926206
4.666098353311403 6.413754443482398
4.745490319500471 6.727028626669539
4.9963387444630785 6.119867933619808
5.2375 6.0375
4.920057309950025 6.004509283085303
5.162311004028198 5.55671878355994
5.341250709018694 6.316688673710258
5.527781859032126 5.983843368582276
5.489917461846909 5.927896237400764
2.475 6.65
2.4968213583726593 6.523905448489077
2.1938706748481573 6.821849376195713
2.3787191437436306 6.516774821629525
2.4397349352286763 6.526719617521951
2.634453045252287 6.8829249712109855
2.5625 6.5
2.734201116780272 6.592113982626108
2.5718434174919103 5.996326335434278
3.003393223996928 6.526101384471739
2.7827173893749944 6.433323816387772
2.1650240068149182 6.052660059023806
2.725 6.25
3.0389519372533345 6.238740070967799
3.11429037113943 6.545394757141412
2.7652130012317384 5.920570922696049
2.736070183961268 6.421328777837152
2.694206666428694 6.79435717732324
3.0375 5.95
3.1089040658761253 5.84406953416795
3.016082168608416 5.784256572787294
3.3236480458460482 5.293853292269805
2.737337740480479 6.145745421850076
2.90676952122123 5.788845053238555
3.1625 5.7125
3.092965619651511 5.495284862713487
3.300215559100375 5.709112693161922
3.6040366757258484 5.949400441478311
2.7936926471778696 5.61124588834495
3.1332586636258197 5.95861082623131
3.45 5.3375
3.2062652018539475 5.232783221264798
3.908853187422392 5.617152551816489
3.587074160691396 5.353883124744984
3.482751306180771 5.352780648126043
3.4464798930794913 5.3195057791681
3.675 5.0875
4.102534571873188 4.613698342802143
3.8971090881204047 4.953170638411915
4.083085133296285 4.4828631664200795
3.77973142132928 4.734401155444045
4.386077819804268 4.884046952949829
4.05 4.675
4.283306355623943 4.28383510451477
4.230031719927759 4.397206953119559
4.502555112988318 4.171341681452172
4.09156888105844 4.049797309009506
4.461346333687901 4.079643883936027
4.7125 3.7875
5.0139646360935854 3.8451890297580382
5.085956376095277 3.4740497094134897
4.86428153198941 3.9302534057618743
4.936893279384288 3.570382426836775
5.278169961046979 3.378633666677436
5.025 3.45
5.024144609564197 3.4352712747575778
5.415837064068045 3.5580956556442844
4.688507427636975 3.611155277978927
4.75122709377173 3.8586224808365364
5.226096471203791 3.321705417875921
4.9625 3.5125
4.767859012938809 3.7845842836550574
4.134993230320496 4.085204389662204
4.626321067370573 3.7394355913495216
4.550666728775775 3.850757638016745
4.796087906806217 4.269813011841935
4.4375 3.9
4.166109593295631 4.084302284329075
4.322289852983919 3.957108975594861
4.34317766781408 4.1936647144339485
3.8384480549269577 4.301061363097106
4.475564913535036 3.7490374718604307
2.725 6.4875
2.469985440752314 6.77737816030253
2.6527399619435377 6.341684133021823
2.487666246974337 6.792027189834509
2.6546563414401456 6.94783247221681
2.916969272852118 6.514320961925208
2.775 6.4
2.958385703776247 5.7159945516414705
3.0922368819610417 5.920687038740937
3.3176571819485594 6.412869193151383
2.8275965427677168 6.783022270709982
3.5072717253589247 6.218064591000229
3.05 6.0375
3.2373855095160393 6.075420925149375
2.7457206128762475 6.092931425906403
3.0679383354199032 5.963221944275802
3.2234433385220598 5.723439936283296
2.9872882970065318 5.941557373700023
3.2125 5.725
3.3063600639132624 5.667340353580639
3.512092520238336 5.230925625083363
3.1997121910647874 5.629256043885434
3.325255582000466 5.790106529087283
3.616033992909916 5.841487449780632
3.475 5.3375
3.321632632414379 5.141839996650214
3.7834343577930243 5.044089688026505
3.302410186802254 5.11273989624416
3.629140824379745 5.3228621581412
3.0516824716327764 5.055159401331839
3.975 4.8625
3.676416912334445 4.990878594503382
3.89410605977413 4.760757279276096
4.1757205129047925 4.38522326687171
3.732526454605234 4.993289923926378
4.209577404988837 4.929126968640608
4.05 4.75
4.4680283748377665 4.577833027995996
3.7317293870598744 4.578846182506449
4.1736647170704115 4.077612045055047
4.732727660895722 4.040498854076529
4.234947534868663 4.540934197554126
4.7875 4.075
5.09111256803911 4.270430879437312
5.6055661070408895 4.050479627010919
5.083368237162842 3.982682832849877
4.472949396941678 3.902091325592457
5.139778906677724 3.8331485954913083
5.1875 3.6
5.055194887048612 3.7902753896498282
4.81760052987865 3.8942548342282657
5.131180957758364 3.7181585552686505
5.312598167140807 3.138472796056128
5.20654346664475 3.3783615585115427
5.225 3.4625
5.119203305801978 3.290427940835438
4.9795832734950825 3.5622523125726433
5.206402694966012 3.596674980581291
5.57808603056437 3.3366834709986137
5.2085858373894975 3.4159870454526158
5.2125 3.35
4.785562587646827 3.665127505853164
5.097744675639051 3.3843748335224975
4.824892498755294 3.1139364141098467
5.163735038124144 3.3382763877544788
4.963957415446041 3.88608410258889
5.025 3.5
4.952656445006535 3.962365594622245
4.782881667133456 4.238940170736921
4.2361582971470195 4.1836036650738375
4.5528102708426506 3.4941674165968863
4.478516991350792 3.563462495252034
4.6375 3.85
4.529603049710735 4.0820358910295615
4.488407621283622 4.031863470522454
4.191870941672299 4.037212222005398
4.173041713356946 3.9720650412283027
4.277398013849284 3.8111683700632866
4.425 4.15
4.3391927654483915 4.263152723829863
4.33485701341206 4.250979741235892
3.9090719126994786 4.021828623624518
4.367651936823158 4.253614538011393
4.283008083294918 4.262453163373548
4.275 4.3875
4.69820212476746 4.490038723986845
4.064788137150845 4.602776551051258
3.7581954239378597 4.744872942165131
4.193871785679489 5.088961899596951
4.197016520800235 4.208922632663523
3.9875 4.9125
3.2451729234994824 5.31064608255249
3.765315942574496 5.107785536098611
3.41359817211623 5.469441184056066
4.119219102926786 5.547103859280389
3.561991309208602 5.254889242052184
3.5125 5.6875
3.214077769802345 6.158997862272567
3.4118821602682394 6.051805548212812
2.9767060331894037 5.830101646996914
3.4126013210489377 5.695887197678583
3.4608465859973316 5.892833944901708
3.1 6.2375
2.569145510276972 6.035585896197201
3.400171281650782 6.867413668976155
2.712531461294543 6.444144296944072
3.4580174598709896 6.636448006421487
2.9599379388021645 6.317149052164396
2.825 6.625
3.141493612313667 6.192510082963897
2.887181093447526 6.574908359587729
2.838680481736165 6.918638701658123
2.810740289728611 6.638967667462234
2.7684621525434436 6.589231611713063
2.425 6.75
2.6648366556935814 7.211895262680628
2.3507258872750176 6.725400530443315
2.6553250216960897 6.438705266224119
2.902365827063618 6.36876668861116
2.937405518103917 6.729290504912376
2.5125 6.6125
2.8557353267219083 6.074701412348533
2.8746177903314454 6.1488660297366255
3.0233091253694697 6.0966342373660005
2.258876092206626 6.196591362850532
2.4905257899215414 6.638858308450132
3 5.9
3.2796053083207126 5.635743724441803
3.1680093776456038 5.8363499510810914
3.3804870161229403 5.630186024676565
2.9457922475491563 5.790763132515656
2.6937030381260456 5.755878035551746
3.35 5.4875
3.7750544844378524 4.693722833563374
3.9627836197119657 4.74097813364987
3.505681487777262 4.396661098011545
3.922195270514993 4.386646870410222
3.905788827126615 4.464462241412521
4.075 4.4125
4.591788668817987 4.5084796584088185
4.193451378965781 4.2466853147176575
4.529540137410519 4.708879819886147
4.225359724999637 4.237394387543036
4.59024168256894 4.605453056460162
4.5625 3.825
4.7524818867415926 4.226373057965057
4.232067176058385 3.4869382485498432
4.631363490976428 4.094134690958123
4.994169429608404 3.4164334131384053
4.987004085280226 3.334599945469897
4.9125 3.525
4.736243525167238 4.011291317083136
5.333373263337963 3.8675013971444656
4.822594539735252 3.457204018804282
5.36466728151197 3.763366167709804
4.937288352378232 3.4922508406300166
3.425 8.85
3.4574279413754185 8.908721186143158
3.12661691987409 8.388494916039745
3.418149939949214 8.858304802768105
3.284173897751136 9.016405600828216
3.5415866304440784 9.08751159941392
3.8 8.375
3.8672115080335145 8.417607896734527
3.6946427723747264 8.618213568161417
3.840546107961186 7.985373053467231
3.8030824005777837 8.001276915756716
3.780014638675933 8.247179366131189
4.1625 7.95
3.920066917008744 7.596127109150285
4.112465453492358 7.937386616328145
4.21614835013103 7.884875376398838
4.0442088083522005 8.319572986526374
4.3153512830612515 8.062284458363543
4.4125 7.65
3.956235316689262 7.426819806557451
4.7729049897369995 7.147809418509813
4.967501738649515 7.089115809385459
4.4172700565152265 7.718158636837127
4.950018126275486 7.442069292523362
4.65 7.2875
4.748905976681445 7.277889772163386
4.497551247941912 7.280627465207717
4.963646795933472 7.691924415781308
4.691700285414324 7.185583139802574
4.738709169141018 7.169949887553247
4.7875 7.0375
4.920965804224267 7.088249883806514
4.805440079300665 6.9758515645707435
4.354093818229065 7.104414907121151
5.232753002250048 6.576861893187439
4.451168671438522 7.2796733486512935
5.0125 6.75
5.099466471871293 7.13090654943303
4.684540144568257 6.619513342747203
5.063733775044382 6.073489131773856
4.802474668779305 6.571119739524493
4.809626601781524 6.462000215365995
5.4 6.3375
5.4780285007872225 6.563828013140562
5.465023633824792 6.242045114330629
5.43791492836721 5.952954256590585
5.228529434101601 6.208858365536811
5.1593802368800565 5.966721995098576
5.6 6.05
5.900047477610128 5.908003252770657
6.02407217114919 5.67644221946585
5.640030494841627 6.4255400469408475
5.567515536149799 5.914469323540659
5.647002161841218 5.916772148691164
5.8625 5.7125
5.9265054072428685 5.66989603475402
6.000072857623058 5.599482796804063
5.821278400292006 5.5018164583475535
6.023261996035187 5.369177002438021
5.965165477261823 5.823494708259409
5.025 6.875
5.359676796142063 7.358616605784542
5.111480412126634 7.122985317489143
5.000978835310901 6.918535908832423
5.296293680103576 6.895964096245713
4.519275613827125 6.819245932290156
4.85 7.1
4.906227659524562 7.3690555533131405
4.617827841650862 7.326530770068528
4.861301021195158 7.047684271220954
4.586088605957695 7.57977565523529
4.950789802405523 7.565615923538923
6.9 6.2
6.961313507781995 6.191546735990398
6.803566392963054 6.044478799761332
7.0158188983852465 6.101683108187426
7.271591139171166 6.253247820384627
6.896678300628842 6.14474076226611
7.075 5.9375
7.141267295824936 5.562796428291215
7.081372231469506 5.745555447763314
7.44942179644851 5.841155348675622
7.498040570179873 5.325438155938213
7.234192820296778 5.724465017595962
7.4625 5.5125
7.709540329289995 5.712283962935795
7.494817946874247 5.665321428517631
7.450379904508277 5.40415398378245
7.461831857906793 5.775450856513642
7.896222794462055 5.338307860241535
7.8375 5.2625
7.897350277379452 4.687447347843083
8.207309729291762 5.192831996880647
8.524752844842045 5.266111832035601
8.433639910196796 5.2510419242421635
8.047636740796538 4.900152291612322
8.5375 4.725
8.780849175384189 4.525059622504941
9.382680446735414 4.406686171922757
9.276421520251487 4.276893801414491
8.770372125851676 4.483929694637537
8.430837367914485 4.7453387941806
9.05 4.2625
9.713362214102983 3.5503871891105048
9.134948295246192 3.701457602406586
9.179528787603044 3.4990577167849692
8.911406169089439 3.808940889830955
8.992858386571626 3.953472006628066
9.325 4.025
9.090781991026544 4.000707663959002
9.103333310633406 4.43751743355995
8.931303141405943 4.397099311418907
8.987247592170187 4.913442668243851
8.719493753478286 4.842908487892641
8.3625 5.0625
7.626262085078535 5.080026050995322
8.463329707631264 5.645829714435896
8.274881598468856 4.943257539114697
8.228587441115135 5.338481429794198
8.122412716898378 5.12727890853466
7.9 5.5875
7.726455195536308 5.801013830005372
7.356485327259196 5.8519769749406425
7.606073016206952 5.250068563044592
8.14835810294074 5.984761005878308
7.551111562015032 6.22145167386761
7.7375 5.8125
8.058712226315924 6.279802969501082
7.850431578989418 5.722677740031087
7.567053933589685 5.675085899975589
7.847806115623479 5.6859285963557245
7.854154018415754 5.866374883578005
8.575 4.9625
9.33536111864668 4.364855007772499
9.024398123244296 4.548583114752295
9.072074090359953 4.537851920490647
8.744392080754642 4.683137530678403
8.864616817429201 4.269390789141122
9.075 4.5125
9.45408247935072 4.522182923476433
9.53430252615577 4.794923345286688
9.225067076902487 4.342256732192602
9.197593812782346 4.297963275364447
9.23589610722249 4.115487558380233
9.6 3.9875
9.79641329995106 4.038666659087985
9.555539024951702 3.521399238858359
9.687502353699076 3.7782714731273517
9.85 3.75
9.859126590522658 3.776608518806312
9.965481571019136 3.7368630587932268
9.512726765903556 4.07505442576422
9.449769968631063 3.330040216223362
9.837328969346718 3.7134954362852546
9.725 3.825
9.350974386279399 4.122175502616612
9.352952056030308 4.176884108089252
9.316170715025189 4.131331592441237
8.888296638262842 4.204514104273926
9.210954721411877 4.195420698771584
9.2 4.3375
8.374730707745815 5.130717623849393
8.55974847340449 4.818764139225423
8.603773496610197 5.055025778487301
8.885932673982072 4.631858441649537
8.86998696863197 4.707473006877946
8.55 5.025
8.461471162023283 4.772098515121255
8.531843471939503 4.865870134238823
8.345889089067434 5.360263783340912
8.013871203021797 5.036110038645456
8.319684098330663 5.219356145004519
8.175 5.375
7.805757272399319 5.111808771277669
8.318952250998873 5.64589839655784
7.8034939414595925 5.670491173827989
7.907252356344195 4.987491881309815
8.630024674365723 5.049024275228988
8.4125 5.1
8.963612953753703 4.573531549407368
9.099254801060862 4.255195067411325
8.618472939512527 4.561862323247015
9.392743676704882 4.5912382422500535
8.453934478450014 5.093880393059306
9.1875 4.375
9.560433259822025 3.6130780772340905
9.029433064641129 4.2156505289649955
9.747597313586397 4.4567311736086
9.850724567454247 4.145389509086314
9.241224425454845 4.241144158388449
9.5375 4
9.449426921740521 4.08245866279519
9.08190369224844 4.075063757718793
9.877211220202884 4.304191591088284
9.532492816499664 3.9851222039290777
9.491895609884375 4.117076377015265
9.1125 4.3875
8.157649724149744 5.129700774421768
8.6433365063257 4.784373203791584
8.140341289195364 4.932568364547455
8.977507273557435 5.070682993245721
8.327579795219462 4.872098372184706
8.4625 4.7125
8.56901245689656 4.665890201282454
8.58145213825922 4.700591578807412
8.477626901592165 4.457392177005065
8.48569169666331 4.667774445826959
8.828537875411872 4.975573056130031
8.4375 4.7375
8.689081224611877 5.032707141147997
8.535079058167746 4.556963688953068
8.01461162298912 5.0631254102745284
8.067486039496155 4.958529283918104
8.622666925955052 4.131798489968101
8.65 4.3875
8.571396957074928 3.849380006483906
8.97708594941721 4.3914905499274886
8.832481685086174 3.7089930282658314
8.742551083900727 3.7867521407302376
8.656124267480589 4.651294898314143
8.85 4.25
9.107207237966897 4.069549261823374
9.104556950626742 3.8013254982903097
9.239739285276956 3.581019253353368
9.238943303264397 4.139353012478974
8.805805442328236 4.268745258514654
9.6125 3.8
9.64456865123255 3.8366947740453936
9.915363497892287 3.643281256716571
9.673034836913278 3.742245238756206
9.89790291608341 3.622043489580347
9.4375 4.0625
8.534839335148282 4.230727595002402
8.975741078866466 4.431300396557978
9.08134335479497 4.539378343261616
9.018287481141979 4.272226883940605
9.175937639451595 4.440639701879578
8.5625 4.875
8.385315322379197 4.932448232336393
8.39490842543661 5.080084288810817
8.465725296976482 5.274222469735536
8.212456336418688 5.565440359910021
8.233584356775985 5.563497067247299
8.1375 5.525
7.714827981003447 5.253936167422413
8.129741886784519 5.88159753604875
7.8351312647772415 5.82946662511756
8.294334595163427 5.7106151790613975
8.294528414095977 5.669671412333542
7.925 5.7625
7.842526240847194 5.889623673834783
7.820574306811123 5.645186126509268
7.536394566117565 5.762098433413235
8.079092244144041 5.608221416703815
7.661485041622051 5.675672290081874
7.5875 5.975
7.189625552451832 5.735982708683007
7.650562955631216 6.13873649631827
7.519406610462203 5.795217220933172
7.89713838010029 5.450018637045175
7.708528117558953 5.655342960641321
7.5875 5.975
7.603889522323594 5.960490979397571
7.635558232926504 6.024434288735632
8.036892814444624 5.769258640459783
7.587138091574163 6.5649904734102105
7.654971892024714 5.8793872136325
7.146090604694244 1.864162550659627
9.702480291780889 9.563133879751899
9.331506352467267 8.032090476137272
6.992965417319308 1.9440583110310738
1.3307030537027886 6.098849251667611
8.225497513254803 7.800287646753484
