1.925 9.0625
2.287319446009429 9.175854658900112
1.6508324947427837 9.247041113206254
1.6855065134932299 9.001418966433539
1.527169179630993 9.229610379057053
2.214039630980673 8.815599863208057
1.825 8.925
2.216074516438056 8.630640771386817
1.863897963277454 8.649173094460803
1.6815889645098356 8.443249119464856
2.2620884947918594 8.741675201821922
1.9544890255622605 8.963923507852545
1.8 8.825
1.858658640622648 8.847315413980194
1.7590390640235938 8.809046458673562
1.7665327887888378 9.125525047818593
1.8310805482354453 8.846803755109388
1.60972800361198 8.217315064494008
1.7375 8.75
1.6755116901253004 8.553203683625009
1.8898662499519248 8.85570049454088
1.4691679198518472 8.603643448633022
1.6186109922736178 8.144895852462719
1.9299770163330159 8.240941027060098
1.65 8.525
1.1682386747035811 8.437351871423244
1.5673504619689695 8.998848902365745
1.4032704615271585 8.312985463520556
1.7298663346302345 8.935300840685299
1.6003854205686583 8.25056979552269
1.5125 8.3625
1.149622280247961 8.30044677308024
0.9894444229085909 8.22098565096508
1.1151002564136028 7.738898155445613
1.1370386714167684 8.35295110561297
1.2345448034643762 8.202778428580244
1.2 8.1125
1.7117890491494872 7.939618234603738
1.0632845868218301 8.11301146793092
0.6826345310719895 7.852586580697755
1.0311858650596433 8.043002627978112
0.9718153752691692 8.208524932365343
1.05 7.8875
0.9017743192603065 7.3387529076707665
0.4817444806023164 7.556407749856975
0.7477633450936085 7.186630306747043
0.4759290905826566 6.839748207085009
0.6150972248955019 7.384300397871148
0.5625 7.3
0.6113670623456872 7.175563857867337
0.4008624439793856 7.163989095596881
0.537712209700563 6.886399036517455
0.5244873655109654 7.305951406142978
0.5537128733695709 7.297256753955603
0.6375 7.3875
1.0023415467621866 7.40519862301849
0.6554805098510589 7.544420566470481
0.7072140434354826 7.584531686552071
0.7294264052268316 7.764517475922401
0.4328493403357319 7.737325688116963
0.825 7.7375
1.2500111756977037 8.191752484705358
0.40803357565657467 7.974022480358178
0.8422125389292987 7.739722628493733
0.8826979137049447 7.798363934029496
0.8830783277207302 7.897486561180638
0.9375 8.025
1.021022282215213 8.047349852024603
0.9870523688451069 8.748360525375796
1.1353428705913435 7.960015737452059
0.999323473765141 8.188593520092404
1.1671003710706824 8.720062190927088
1.2625 8.5625
1.7365875506823993 8.342304888854157
1.1532066377509635 8.50737812114016
1.5668797038371605 8.828020974162168
1.3208311440103664 8.742561768806464
1.1153920771988937 8.621869350154721
1.475 8.9125
1.6189701311101785 8.908848178389832
1.089254465398962 9.321489153284784
1.941547316912942 8.75189159372469
1.7085942651377675 8.594286335976765
1.5797160332683122 8.920269753423565
1.5875 9.0875
1.5949715723712639 9.113028240886155
1.7222428100985092 9.255496434631997
2.2024041118032933 9.140280894618588
1.5185437488890883 9.524851562948417
1.5408343788530499 9.321250715837738
1.8 9.3125
2.2717401687410455 9.093283116706031
1.867729466585449 9.389339998100725
2.0421328692289706 9.713213977616608
1.789294179910124 9.278875874518523
1.818924604187756 9.359905617625172
1.8375 9.4125
1.6266361296644534 9.734451785846009
2.2783287312967735 9.263969029398002
1.4984568764608457 9.6628445158596
1.6196451584970568 9.108916056819044
2.0401244331165804 9.167238472008558
1.9 4.6375
1.8694787050786303 4.561872688898833
1.9254927443044125 4.574846946533993
1.8370622909369394 4.755742532364665
1.7608613602424417 4.655242054381203
2.1239440010286894 4.769091779939858
2.05 4.325
2.4636272807194466 3.7919299514462557
1.7807456152047916 3.8882746520004856
2.12537006222776 4.785423019352555
2.528062046115259 3.9016369270322437
1.7363806598641662 4.42422611316985
2.1125 4.0625
1.7966206615463238 4.470780320674156
1.8299584118494736 3.6789016016504426
2.455637791805985 3.5619222242085344
1.8867154285949674 4.436710866694471
2.110690068352687 3.9354118732785515
2.225 3.7875
2.4671512845666546 3.46800451047138
2.218607384124181 3.3308204366756273
2.4078568088585537 3.205751084948288
1.9599847140264681 3.80872171100672
2.0369378889002037 4.223100574015672
2.325 3.3875
2.4007998698571926 3.802935081960063
2.2808092210137154 3.3518035564823934
2.3136967445293166 2.9919491695683944
2.8908174780945926 3.224386528087334
2.80635571762156 3.4019092692551522
2.425 3.05
2.488041000302085 2.8381513077033076
2.619755615262626 2.436186316423927
2.46151985728001 3.008890340579916
1.8523170411868413 2.4492451112866265
2.447396314576467 2.528851001401068
2.4625 2.1875
2.536137307319396 1.6231870969215663
2.2564808036060726 1.1933317128671916
2.7330620770468705 1.9595824312355419
2.8303658331536554 1.5481919034071594
2.9161381422744688 1.216968078759851
2.6875 1.2375
2.7592064914201453 1.4637023250876837
2.7407647382350344 1.207199712009168
2.8992503768617968 1.7155361232438309
2.9425389871225276 1.2181241007899488
3.0779497402969045 1.270932531905774
2.7 1.175
2.4930928796832355 1.7042056803539807
2.9261411006179876 0.8350227486892721
2.4089078834345115 0.6321353173890287
2.5911476334006784 0.9992251875197808
2.7597813563130074 1.3719305828424724
2.6125 2.2625
2.660892056084387 2.5401020368132365
2.2798887572487443 2.6540320065817227
2.3446315349890954 3.058108897690822
2.7883403637853283 3.056264326206687
2.2514486490385024 2.959248240073653
2.35 3.4125
2.0531438297812743 3.6884362889649642
2.343307891906597 3.850828558706617
2.608941748508073 3.9505389728112386
2.1492580574113855 3.3550485936819596
2.3331549003427883 4.041065287663281
2.2 4.1125
2.3831604480499435 4.74624428324293
2.727637176497556 4.490751103246294
2.7351009102160218 4.4073959582217395
1.8949690319332344 4.215286617062845
2.239072642083185 4.354415122286166
2.15 4.5
2.106977919666602 4.653846419369362
2.1984684875566325 4.277577446960818
2.5722408487999044 4.8148909410884
2.154357962711234 4.538657682213385
2.32534317527815 4.684833242669219
2.125 4.5875
2.015485685877377 4.323447996524939
2.583032508911092 4.333836891318035
2.11679805230927 4.675471988431921
2.1103345177993047 4.333335689196629
2.106014562519925 4.3938155097644565
2.1625 3.675
1.9929414568115305 3.5258284410774126
2.210061937783567 3.451307698066924
2.482334690479188 3.7754841773632015
2.5208833129264376 3.3336669689812823
2.2507432892912465 3.383764346485299
2.2625 3.1125
2.2356770162323776 2.2626600721555734
2.210652643879555 2.670300489756812
2.5526363426256857 2.7145605411135962
2.3301207704482514 2.740178722329142
2.0190388892457327 2.6673368751604016
2.3125 2.6625
2.6573287925898845 2.6668627735245236
2.3318233230189653 2.147589584810426
2.9820670394590056 2.371166289810863
1.8970420268425703 2.303680164705045
2.385513863503402 1.782794086183428
2.3875 2.1
2.3883125485267986 2.0422891981148625
2.0042479275917313 2.175546402710455
2.8936525199953795 1.853909128904958
2.9232126488860537 1.9896647103571439
2.286178401880992 2.2286048545020662
2.4375 1.8
2.1686481596980913 1.8369652019420257
2.6489129690497264 1.5374375137965117
2.4781702570570463 1.3799458323746308
2.201508150121989 1.322530629967605
2.3834321612724305 1.1793989020433002
2.475 1.25
2.110765075513867 0.8071019009161035
2.3429900561938184 1.4239368436654103
2.767593760815285 1.011625055339303
2.3924047371678916 0.5456719592437992
2.3642816797364032 1.0191885900347515
2.475 1.1625
2.348982603718683 1.3190368970208042
2.288191562385139 1.1682632010614753
2.58239618304133 1.206423428123513
2.0361180390297937 1.4776668385781206
2.627259453758464 0.9324110277817909
2.5125 1.275
2.2029179911509393 1.6129350020987245
2.4288318415288748 1.5167576378633243
2.9676950441973506 1.5240150150727771
2.5858813145709396 1.3749072648750356
2.564310193483654 2.386259068268359
2.4875 1.9625
2.5405272863719723 2.3254344651537706
2.4060218565919245 2.37415172478167
2.2893475071101923 2.8049011669084236
2.5415624803355423 2.2263087288652783
2.5529941202188806 2.4168732702028493
2.4375 2.675
2.303101154433017 3.2730046951210228
2.18429280310735 3.678664930037067
2.4565739003303637 2.8128322039412907
2.250011122496736 3.072651807753972
2.3018208267366806 3.5096993013013558
2.35 3.525
2.1815209899517902 4.122863462733365
2.8194841113952522 3.85400747072529
2.2015045607892274 4.2717498103453515
2.2190899964261837 3.825850913653455
2.566148815727531 4.232890028350981
2.2625 4.2625
1.8581422910630043 4.660539022907844
2.472191147780967 3.8928120636491856
2.0476711140411044 3.9004795904756064
2.4406033304843398 4.6967634229578525
2.126345114546756 4.198680372916593
2.225 4.5125
2.2433477616193445 4.567426699469923
2.190015177769947 4.523058694735614
2.1936884262808563 3.946134776939638
2.324810353031477 4.69431533225512
2.4315829848482737 4.603259218149708
5.2 7.575
5.170045330713746 7.832819037143169
5.3737994948489485 7.65339502610037
5.101094192517458 7.873172171311166
4.975923564067179 7.703867633596384
5.234362120183062 6.984665920762561
4.85 7.45
4.992336019242261 7.508105406153836
4.84779734073547 7.3714046993399425
4.801353864414938 6.935104102815434
4.585418339386915 7.24964327495952
4.567503309645508 7.6211379942818125
4.6875 7.3
4.400725663233772 7.48071901522687
4.524982475698154 6.988177704946932
4.587427533794573 7.362892088658723
4.659653801415681 6.857266210331355
4.673857248841811 7.328526384774288
4.55 7.2
4.502723128707311 6.891683049272553
4.54568336195326 6.706300370531634
4.5831064010786955 7.239873821661712
4.34671865695243 7.744020936633362
4.490979290764788 7.180491284289706
4.35 7.125
4.081188654567288 6.73516973187306
4.589112009071315 6.817178992988621
4.24800808357111 7.046432571116414
4.11298056182906 7.242746476696611
3.85731157972434 7.2057303732434885
4.4375 7.0125
4.084666822391692 7.389045074330457
4.1015465427911595 6.652620480839133
4.666271816996245 7.1292385592807195
4.398994373803001 7.211918719759171
4.35364034668421 6.611960246284363
4.4875 6.9625
4.4069992071771384 6.996530277958657
4.942916503477258 7.122101072832635
4.944783245572004 7.208240005017542
4.261393116686868 6.804412224218488
4.601617226315184 7.163688575401659
4.4375 6.95
4.582548064361712 7.050507818571001
4.374392028964442 6.918670693318694
4.202594768989992 7.4513843656353504
4.146535336443718 6.709119457721563
4.064194835014303 7.1895705443356706
4.65 7.15
5.490052591163225 7.0724988908647415
5.013405164344869 7.652556528941707
5.033433679194295 7.38319379025359
4.737549683122881 7.459818686525234
4.714541591466903 7.416621040759809
5.425 7.7
4.919776202871512 7.6112856277435395
5.201784278426915 7.88613259646169
5.7051920046861175 7.708176625560379
5.851438137060578 7.86424702773307
5.894950297065788 8.260682642870512
5.9 8.4625
5.55 8.2875
5.2125 8.15
4.7 7.8375
4.3625 7.6375
4.15 7.4625
3.925 7.275
3.975 7.125
4.2125 6.775
4.3125 6.6125
4.6 6.225
4.85 5.95
5 5.625
5.2625 5.2625
5.3875 5.1
5.425 5.0625
5.7375 5.1
5.925 5.2625
6.625 5.6125
6.9625 5.9
7.325 6.075
7.525 6.225
7.575 6.2625
7.525 6.375
7.1875 6.8625
6.9125 7.2375
6.65 7.6125
6.2875 8.1
6.05 8.3375
5.8 8.375
5.859614049030089 8.169337643752186
5.782538266462299 8.22580099915809
5.866729091283624 8.374637776204695
5.663409752490372 8.44288576382372
5.8171311059526705 8.278577207898557
5.7625 7.6875
5.677981273078299 7.012725699878667
5.822172258659726 6.9995301271093435
5.844400944742921 7.900776332173753
5.536603991010826 7.505985829165906
5.710107889054292 7.505563410555436
5.7125 7.4125
5.639747874183564 7.285227743863009
5.8114474761206685 7.765598161009398
5.413988810520214 7.40762564609918
5.699676653814459 7.327175257197139
5.554837495854494 7.483943371822411
5.575 7.2375
5.557256880450831 7.1253035212498705
5.554317228268192 7.178186549002172
5.609148294526234 7.464723687469947
5.991118010738954 7.07810811964666
6.037836690147217 7.450779809764917
5.45 6.8875
5.44421112372265 6.696320384242787
5.638080437231551 6.603478574398196
5.600196848379602 6.713692520527156
5.061843492676655 6.631578702809044
6.022652159152103 6.701151170448375
5.45 6.55
5.1007094325745275 6.057181100340284
5.570296411258838 6.812885270103448
5.242268378237506 6.399567501170082
5.606817467792267 6.700039979293214
5.406938012106169 6.453774117472255
5.3875 6.4
5.878324654461632 6.302070404870992
5.3834592158699355 6.328067533854224
5.227036107658877 5.690163899972868
5.594411978740999 6.144861095227933
5.2630596381769 6.298213373604375
5.1375 6.4875
5.070009151377165 7.043846139252115
5.340894822392057 6.076147356301531
4.911998666831837 6.259796521060008
4.948261240857037 6.612941145669572
4.887829543840082 6.218232736210918
5 6.6625
5.2177580819984115 6.6131360829857355
4.91198023327579 6.718336919136751
5.15581474629144 6.61715148420428
5.020039370189243 6.462403908411829
5.077440119723944 6.711397183959892
5.3875 6.0875
5.287994113778096 6.059477999422746
6.015175240284179 5.979438402834203
5.208643653949901 5.96585909492875
5.395528882096623 5.9879244168610235
4.860220641291548 5.98309286539882
5.45 6.0125
5.707884664006377 6.273650335153123
5.241363554146462 5.53824476033232
5.600596750850132 5.818781448701182
5.155683711516775 5.5868423502868225
5.818543334356102 5.852170508898347
5.4875 5.75
5.606901826308735 5.587085089200206
5.081592555884585 5.939501240287692
5.590430774973904 5.40736587058961
5.722762922531008 6.003614589206993
5.280430795882998 5.591523682736892
5.5625 5.6
5.741798580776771 5.171256189958731
5.444667544275772 5.607586307821123
5.269494722514799 5.648201016840128
5.166163190802864 5.322511110397718
5.492549551031166 5.652769689145411
5.5875 5.5875
5.97228734239641 5.101428623621622
5.612264622425133 5.529026369874458
5.894417806184627 5.78761002266792
5.672998985688682 5.551781857011792
5.454024033962848 5.406980743639332
6.0625 5.9625
6.163882967718813 6.227937073843264
6.051246899824134 6.02475637993922
6.1025175967942475 6.047366331668278
6.390430313213758 6.463982941413728
5.85428383426509 5.881939167596561
6.0875 6.1125
6.3896185718406695 6.103125730447802
6.615577956651753 6.469233352927915
6.58904615063376 6.115760904251578
6.507970478577005 6.20071836409841
6.094399402947813 6.215201622725898
6.25 6.2
6.50562488796429 6.048447221361704
6.385869456532827 6.048077863559081
6.37166859772383 6.238829648336284
6.334541554069248 6.115719817848925
6.361414658121267 5.915701675585231
6.625 6.1625
6.64124890728951 6.193549578431794
6.852608201476436 5.667707607943954
6.567937112758651 6.133969081266963
6.861527673690935 6.251306453580863
6.422480793738904 6.4093784832936525
6.775 6.3625
6.7085562497415765 6.330127971400934
6.58464321741067 6.478391196397149
6.793232777508459 6.33062879018267
6.2830002753161835 6.501151928099833
6.734113435696829 6.247319298440652
6.7625 6.5125
6.716388277850934 6.719734086480221
6.646480825077946 6.724836592859431
6.637550776404761 6.982907368853441
6.499281667529789 6.804712954091488
6.568759115449682 6.823636380632209
6.3 7.0125
6.2655391993709815 7.0866304600341845
6.254504488417687 6.94145743943798
6.255292911219228 7.346885431911142
6.458252119231057 6.934656195243038
6.254510263557568 7.105147065439567
6.2375 7.1625
6.158525600437208 7.267900101036285
6.098334835508022 6.984376833204567
6.202731474088699 7.552637395998348
5.5956336763957575 7.208740710715932
5.7799671413779246 7.273276808684588
6.075 7.475
5.982388364256275 7.440008604364462
6.0655872400247794 8.084734359252938
6.110131464440499 7.736786369283964
5.516672652643554 7.729908457620096
5.930527269801848 7.554165460806149
6.075 7.5
6.293922069039374 7.49383632210768
6.623167312219481 7.657235297433192
6.330085496238057 7.131175280202896
6.327170520173131 7.56832507817099
5.804046117978772 7.128209062196669
6.475 6.8125
6.227201047955092 6.715363169377866
6.3594075494769955 6.754156295599605
6.058789018393914 6.799408776729389
6.360453360027277 6.571285443815637
6.556930167702736 6.787900169959997
6.275 6.6
6.130578493303233 6.600919836983186
6.156556589904522 6.693801660478172
6.251212644007851 6.811280973520326
6.216220103006316 6.124277041047716
6.558338619639315 6.119827044473306
5.9875 6.425
6.339509629248417 5.83768536367512
6.3569293329092265 5.921295700734903
5.856755894838345 6.128763095406232
6.182413285897363 5.739306148308641
6.142055878447172 6.193679898825215
5.95 5.9875
5.866588079342897 5.98697042150954
5.893161185441921 5.346453232605673
5.805222940782683 5.980638845940667
6.473337205892259 5.85981770948039
5.82948138568259 6.104430532250005
5.925 5.6
6.5625 5.725
6.0125 5.35
5.5875 5.1375
5.425 4.875
5.5625 4.8625
5.5875 4.8375
5.7 4.8875
6.1 5.2625
6.4125 5.525
6.675 5.725
7.4375 6.1625
7.525 6.275
7.4125 6.425
7.125 6.7125
6.8875 7.0375
6.7625 7.225
6.775 6.975
7.1625 6.125
7.175 5.825
6.9875 6.5375
6.825 6.2875
6.5625 5.85
6.15 7.3
6.0625 7.95
5.6375 8.05
5.4 8.0875
6.875 3.1375
6.1625 2.9625
5.7625 2.8
5.2875 2.6375
5.225 2.5875
6.0375 2.25
6.8875 1.9375
7.875 1.55
7.95 1.575
7.8125 2.0125
7.5 3.0375
7.225 3.7625
7.075 3.8625
6.15 3.3
5.575 2.9
5.275 2.5625
5.7375 2.75
6.4375 3.3125
6.975 3.6125
7.0625 3.6875
6.7625 3.325
6.45 2.7875
6.847220724386529 2.4570467741312627
6.118770874328512 2.6635249538579147
6.558225663191484 2.758584801836837
6.185658866933014 2.44104619832997
6.1826994042759775 2.6463261193099954
6.4125 2.5625
6.968475730791378 2.5563399682523964
6.717377176952271 2.9798939111934586
6.098494466385145 2.6147843777583857
6.613816866981686 2.5513600796757614
6.526991973983665 2.5948268628156668
6.675 2.5125
6.6696501345814365 1.9867420835336205
6.76797261498441 2.9049434598010366
7.1255853389440915 2.350957646208245
6.47242037646861 2.667731895606137
6.827143506287371 2.783209052353574
6.8125 2.5625
6.811616478043083 2.478052320276407
6.919577859242229 2.2713361723273
7.108472190169687 2.6501191703259863
6.723767452065454 2.3463720225037124
7.306413179652729 2.9685595430186056
6.825 2.65
7.092460062486751 2.9155837114554854
6.412607451824739 2.4793586838799255
6.234117652713364 2.7637434231356295
6.552047797243764 3.245401238603617
6.658409421113994 2.5950361272416886
7.2 2.55
7.252957942353541 2.5385955200688115
6.781542209023297 2.151239670632529
7.1740505911862655 3.1060959113978397
7.086364641376257 2.5838383422298437
7.506535603120841 2.9288615641136815
7.3625 2.1375
7.45 2
7.4875 1.9625
6.9875 2.025
7.2 1.8125
7.6875 1.65
7.775 1.65
7.3625 1.8125
7.275 2.025
7.15 2.3875
7.3875 2.525
7.6625 2.175
7.225 2.9375
7.1625 3.375
7.1375 3.45
6.775 3.6375
6.5625 3.475
5.8875 2.5625
5.6875 2.5125
5.575 2.525
6.4375 2.1875
6.5625 2.1625
6.275 3.1875
6.1375 3.1125
5.9625 3.025
6.6875 3.25
6.8625 3.3
7 2.975
7.6375 2.525
7.5 2.725
7.5125 2.7875
7.6875 2.3
7.1625 3.7875
7.2375 3.525
7.3375 3.35
7.4 3.0375
7.4625 2.8375
7.6375 2.4
7.7875 1.9
8.7125 9.3625
8.210223153498214 9.628037155571876
8.703825337315866 9.352168284107192
8.68983679656036 9.481743335014663
8.455117084849947 9.358533738537137
8.333968603235236 9.03166532907505
8.725 9.325
9.22855691042018 9.021862409775068
9.132171015736096 9.078159404836336
8.660770825897258 9.277298236380561
8.772384255805113 9.20676578284574
8.494730514917812 8.701665814812007
8.725 9.075
8.905297470598011 8.488998016702837
8.603082598441784 9.137399587413237
8.173504497286327 8.978843597444195
8.608141240262837 8.863424880250486
9.129423628815582 9.40139076526581
8.7125 8.85
8.411982950872023 8.76908990848256
8.733142526200846 8.860749503056667
8.605614891146868 8.66035941536908
8.769435960161587 8.729529743393195
8.898098176748022 8.783337288056364
8.7125 8.6125
9.009823105588586 8.707660932135129
8.577932536379816 8.165795725286964
8.682461071418814 8.345793965045143
8.884252488927753 8.452490971717001
8.747936873239105 8.633135391149748
8.675 9.3
8.675 9.3
8.427836671385382 8.776190061737429
8.692625360372844 9.234538498384019
9.268647886006365 9.122036664923304
9.27034433316781 9.281359336676628
8.740541733472131 9.29883277472952
8.825 9.2125
8.661048528142265 9.100240008560787
8.93011933675508 8.850327422343689
9.176510173050142 9.281557592137721
8.709043610163764 8.943642146458668
8.825446979956702 9.068829494802543
8.8375 8.7625
8.424077031063876 9.026088317452068
9.297928930198385 8.655017544215752
9.459194502733105 8.637962110882771
9.029941998771536 8.14738556707474
8.594892065468061 8.223631056225166
8.875 8.6375
9.088051856842402 8.535072708558076
9.268702710289215 8.336916893441707
8.823974381095345 8.62446233870214
9.074235360310563 8.681777278502063
8.87985308838366 8.665105261598049
8.925 8.5
9.365894792213123 8.123575956391482
8.924703828434613 8.352535206521594
9.237761439198266 8.63339491802677
8.976248706020634 8.47018531587968
8.926317491360246 8.459947619700003
8.9375 8.2875
8.927379016726585 8.54307989039441
8.679907082074 7.899946900100207
8.652572148280488 8.171186007468373
8.911015413200534 8.677697505578065
9.334214348901359 8.217928761244977
8.9625 8.125
8.988974492150218 7.922077920293743
9.167680670428352 7.879598334234669
8.945021417582804 7.931766529748413
9.113272964261435 8.021901972714264
8.703978072962167 7.798897008917945
9.025 7.75
8.686040172073717 8.024324775521503
9.243225586245334 7.40456713547835
8.794437744077308 7.485512874970058
8.69997650102074 7.516485578002806
8.978878432289793 7.6844233011636
9.0625 7.45
9.497326770978969 7.603634281202528
9.142291386499759 6.787082704300715
8.900150789076633 7.316537938140708
9.065769478662407 7.807002351957648
9.088513201024124 7.5576116860552816
9.0875 7.15
9.086581386951751 6.438051595540901
9.075836476743714 6.678276538148722
9.561776056853661 7.162637292981382
8.828680900989067 7.195794684196454
9.104197767924406 7.179652218554613
9.125 6.8875
9.41112955095357 7.1319129690751994
9.142349293622479 6.880177960377802
8.53802381992294 6.852170576153353
9.22503986528027 6.761429779353477
9.380564842246805 6.362217966317832
9.1375 6.625
9.182660109338117 6.399160978257936
8.987198850561413 5.8952514389755235
9.46351036854379 6.781629482786767
9.660323415625408 6.507171772821783
8.600044928174421 6.540626973639164
9.1625 6.1125
9.408650183480765 5.539904825190428
9.418138205054357 5.754832544123
9.066585119862 6.406077310722739
8.639741086947861 5.728994660331838
8.947430398819016 5.903614355457511
9.2 5.8
9.203853216521853 5.648756888572263
8.79229831653976 5.742061343601225
9.759704137634083 5.285034244003958
9.44623567048715 5.774762365294865
9.311817009021656 5.62596447496806
9.25 5.35
9.355118433729574 5.0995226241684835
9.276150152605288 5.0568416916201775
9.049466839215787 5.134487545606617
9.33064819772563 4.820283405965582
9.632621945167056 4.767304537937267
9.3125 4.8625
8.816213652250882 4.957024017647852
9.477581432456791 4.737677111761635
9.867586178875976 4.490825255139351
9.195008535579872 4.702929087351901
9.14566763760511 4.775140211538894
9.325 4.7375
9.632533592521451 5.177858127078576
9.29943386051673 4.241111328414034
8.890589427414033 5.049570472086396
9.367211850933856 4.706575947885928
9.06008104427204 5.128152491534197
9.3625 4.4875
9.293704641996495 4.076192407376983
9.304081041913536 4.970956465418561
9.313289034986585 3.88042082257243
9.475612624089838 3.9867416918633922
9.417371803911262 4.269530749610757
9.3625 4.375
9.659467838257118 3.868912995506097
9.3429073891873 3.8966684653383616
9.372390870325406 3.71068911838535
8.907882847306988 3.6265495607794
9.192780228460398 3.97448019109891
9.4375 3.6625
8.935175934428988 3.372964837872691
9.684907995322039 3.4938591700940576
9.563982856394954 3.909880738558664
9.567445611587434 4.070451037523648
9.475 3.4
9.865776483005252 3.2194919037362766
9.345219889290501 2.998822834460816
9.486052480937396 3.330720164552358
9.170845197398247 2.7946294532815017
9.558720471957956 3.21966883433294
9.5375 2.9625
9.78394322402851 3.0299215987480137
9.701899589802604 2.7706205220904905
9.445744461666823 3.2341825411839493
8.977936345091198 2.8870866148177443
9.712139355353367 2.8832080868016092
9.5625 2.8375
9.398402370563973 2.5668239635107484
9.572908684250532 2.96071000167303
9.464771735780339 2.9669196054848954
9.600566827670304 2.746636385526031
9.866645150478735 3.0696496520987124
9.5875 2.4
9.20629345600312 1.984712085070599
9.468982457360381 2.095383406572047
9.751250896434533 1.9367847863740466
9.905421823199143 2.3520640797066066
9.611152532858906 1.6708274560750724
9.6125 2.0625
9.613518267452127 2.0419564108955455
9.684304252365154 2.030735035933334
9.724100227000948 2.0860848444309013
9.719059031483756 1.5581839186458537
9.266867073827829 2.4261864185981907
9.6125 1.975
9.68172717514256 1.329209818796167
9.82601135890869 1.8987719174714897
9.803239101059955 1.839688700828478
9.698604943568657 2.385308383151937
8.275 9.3
8.275 9.1625
8.3125 8.8375
8.35 8.5125
8.45 8.025
8.475 7.675
8.625 7.1625
8.7875 6.6875
8.9 6.0375
9.0375 5.275
9.1625 4.725
9.3125 3.7375
9.45 2.9625
9.225 3.175
9.125 3.975
9.1125 4.3375
9.1125 5.4875
9.1125 6.3875
9.216238219811231 6.814896444316304
9.191125288953053 6.472692857982435
9.099346312741757 6.207984702764347
8.478445329910041 6.937368615864453
8.597419175638619 6.938786303855158
9.0375 6.9
9.446403716837604 6.974924333415868
9.319100615590575 6.583615056747118
8.84759316048951 6.91845789818583
9.097847095767595 7.06521737608049
9.030541029253133 7.116629003806564
9.025 7.2375
9.254309669002748 7.2045979499577175
8.917688068956563 7.2916427729766955
8.966583052753645 7.606788861554895
8.520488044198316 7.68231311180566
8.987630086738221 7.6111887806622125
9 7.8125
8.831397427115537 8.399811160018647
9.181573000283853 8.114057837462083
8.969299117468694 7.836813109957939
8.461245477775769 8.43611724330103
9.072211948453928 8.174848161518671
8.9375 8.375
9.043171554355585 8.276761832121865
8.951893205540852 8.557040271957662
9.116655930392866 8.63843537399422
8.385216229596585 8.35497395887333
8.706384783380486 8.964224462423875
8.8875 9.1
8.968772396328514 9.417328889169255
8.82037511444257 9.215493897893714
8.83664092397688 9.172744043936396
8.82970985665765 9.219043196534987
9.107493484495432 9.452266069150557
9.05 8.2625
8.93083399856864 7.701286317468515
9.010638102423645 8.009559055324
9.322003952601419 8.3736804330071
9.460301943143289 8.337337902050566
9.129187232862614 8.061988928391775
9.15 7.3625
9.429385472250868 6.099532006372392
8.876482689086336 6.427287450555825
9.178994145350682 5.893543116374918
9.352881102799016 6.43700322899746
9.27935802708765 6.08450388199486
9.3 6.0375
9.24610109074326 5.713403832219241
9.463207040286878 6.145782170145526
9.041919851003609 6.16878794261972
9.768631472406959 5.926996751860537
9.221851010896156 6.25677830443252
9.3375 5.8
9.646279727835495 5.206712037115918
9.000206335877014 5.861985304425412
9.070459176278238 5.149689100344581
9.328501532676507 5.676507481628134
9.438034389772879 5.631253329621342
9.3625 5.4875
9.742594502677507 5.054703599712085
9.133061819685143 5.76464268798434
9.665831504204785 5.127994684407129
8.782969934116121 5.482636137295072
9.807166653210736 5.3618272302226035
9.3625 5.175
9.394519231938043 5.093619823958756
9.520706667625273 5.223732297667061
9.36256973013592 5.198801133747064
9.521890122672076 5.083063883626909
9.301559638407422 5.5377554923936865
9.4 4.9
9.385047719146314 4.844223645434833
8.90740519268884 5.047546663351159
9.035928794375813 5.312340277475122
9.369312118942132 4.902818235351299
9.884816587957296 4.933390439894255
9.4125 4.5625
9.356004849617602 4.436774512258966
9.457588343151702 4.187808826160264
9.957999651012972 4.495268882806145
9.254117982147347 4.325463831680591
9.592295596404156 4.8289383158837405
9.425 4.3
9.606764219722265 4.459552220069024
9.387909835938249 4.613331321999498
9.946831891482313 4.423402728148472
9.506740840115137 4.795907900745297
9.261824802688379 4.578341829418547
9.4875 3.9
9.506319974998036 3.334261481886429
9.516928349080173 3.433289078398255
9.753464667770594 3.07234783663104
9.254298012979472 3.3714522023814437
9.5125 3.25
9.657843234996438 2.4724949843746815
9.375305056623858 2.542521575441343
9.178741586600422 2.7917087661194997
9.883794210854106 3.2104172664530126
9.633720733252703 2.8733916359333533
9.25 4.0125
9.369205770769451 3.966572933342831
8.64107081084216 3.9755566914883493
8.993793160410338 3.6057466899913946
8.913127679014746 4.051415564445746
8.90360509320949 4.11851159506775
9.25 4
8.72421570275999 3.9826242160823817
9.265832455221936 4.195706832229211
9.569407052812505 3.4795990396895093
9.0682098703334 3.5297610701172104
8.975165910152331 3.7585644988162925
9.2875 4.6125
9.31465082134467 5.152527467851374
9.142438879116016 4.497506821367964
9.153021801000516 4.546552273419086
9.758773697707031 4.570455972364689
9.399982930128491 4.521924498919233
9.2875 4.625
8.955099066910954 4.468614076079217
8.943237429168391 4.509637989928087
9.256734665192779 4.93928211896833
9.233687306477488 4.897629312613762
9.443108736645733 4.613370845089211
9.5875 3.725
9.325078484905891 3.4798827964718613
9.31497469903067 3.050044626434327
9.78529039998088 3.8007599365195
9.947223199751452 3.122983571338145
9.3023851620347 3.3956074364289206
9.6125 2.775
9.649736781365856 2.3390382826792773
9.631513848560228 2.6100466979458177
9.852485466159916 2.3447205164304576
9.341469690208358 3.025332351837643
9.662211064519216 2.6238387022733662
9.6125 2.5875
9.476286309989785 2.8614246428116106
9.647494448803986 2.3624431145340026
9.792389801244855 2.7892909656703124
9.519045167293694 2.4550569852704287
9.675 2.15
9.308448483295512 2.208820974961114
9.426284156889547 2.2130926697123714
9.69617476753945 2.125046233219389
9.443410608799748 2.454566074526305
9.675 2.075
9.469853570355392 2.2139347236968545
9.43503139768243 1.9626232095817726
9.38734053318713 1.9875258869786563
9.589023673368725 2.4306815679965568
9.65624181178774 2.022933819268721
9.675 2.0125
9.801625805085004 2.312371249938562
9.85416134634997 2.214077873577442
9.614323730804482 2.527933156863939
9.980306989825971 2.162556217391841
3.203801248329079 3.682690616355073
9.901829889243514 6.685663499469836
6.381900260381251 0.19195800962293008
4.0247318172310775 8.592927121077665
8.648004986192637 7.880317937333197
1.513320442215571 5.885542005613225
