4.7375 6.025
4.73164510015845 6.022243133469847
4.6912029082617455 5.968259177613304
4.8882112544246965 5.9777995753846875
4.52327924911814 6.062211587833145
4.749141524072923 6.025714221020321
4.675 6.05
5.182399406318409 5.8311124758768775
4.538141835502695 6.071650384793208
5.141267330107442 6.306073772436906
4.709549399877 6.275070184368883
4.681958771540557 6.639199210978601
4.55 6.15
4.4125 6.225
4.2625 6.2375
4.1875 6.1625
4.0625 5.9875
3.95 5.8
4.55 6.325
4.542848666307161 5.982630289610749
4.175744922755892 5.972525745190788
4.490983013431375 6.407559693392005
4.4688491329394004 6.21229299117956
4.556054310213937 6.254846863199685
4.3125 5.9875
4.633304626409957 6.109899782262586
4.4198720384610395 6.2621138799151
3.707696045666219 6.165261896154193
4.161323667338186 6.1341948682363645
4.132286434337891 6.020615135549596
3.9 5.825
3.769639645538618 6.208878005444106
3.5381821349096163 5.710437214181907
3.8862466467831203 5.250477674354637
3.863745258325217 6.307755790863252
3.939201912778124 5.811380020082328
3.9 5.7875
3.9846503002522007 6.267144215402531
4.193848999372077 6.035794604620554
3.822110012962247 5.88653189869314
4.093250028954019 5.745497918548946
3.7916584113130853 5.9487304532569585
3.85 5.7375
3.8480435875832972 5.699696719270079
3.8573531388149207 6.2575438120355695
3.916712204059022 5.325453552762376
3.9489100300291207 5.679616218425939
4.098450839256381 6.102654248023506
3.8375 5.65
3.9152386062359974 5.500261207406558
3.8105583114840806 5.587288815861909
3.964074721103347 5.462313672430657
3.629364246735105 5.970718284926296
3.6771749347562874 5.2391260468988445
3.8125 5.4
3.918509590325197 5.455203098097828
3.8538984425800513 5.359909711223762
3.3750374123890943 5.552659047377714
3.4225867660656597 4.899705036886482
3.705466496455658 4.836467531377107
3.8 5.2625
3.946970833950368 5.754856334888818
3.7658507466107296 4.864315644573636
3.6330617540084313 4.702908969913584
3.3915177797459726 5.487764373600255
4.2463159392932495 5.005064667878608
3.85 4.9125
4.33926867171758 5.236873629332316
3.4836643843818402 4.473699966303668
4.033888449875387 5.3429275665819205
4.023931488431687 5.16353020539427
4.26607188814984 4.77774911685138
3.8875 4.825
4.227167434812702 4.962095723300901
3.811880407766148 4.819138171920672
3.844086765037127 4.749626707556436
4.104019962593478 4.437460362795987
4.193727436152795 4.604153462053941
3.9125 4.475
4.209594539655963 4.742170769024158
4.352796211009049 4.8501262768643265
3.762000587482171 4.915545654021789
3.6269256366773748 4.535848889960731
4.175392642909497 4.144878161124666
3.925 4.4
4.0049311838778845 4.4884116264408505
3.9278764859916087 4.315566396714755
3.6952087986476743 4.31119766752464
4.075038039407425 4.493846343538596
3.6377099494021707 4.397992781667677
4.0125 4.3125
4.021832935901234 3.9517087190524642
4.041930502322595 4.494404896142745
4.06739716926649 3.8140020967317034
4.518431852163149 4.4142542649180765
3.9856460197155505 3.677405752247414
4.1125 4.1625
4.4454346678137675 4.369600879189654
4.217949424510025 4.059489271010757
4.005038227213197 3.7289774958234516
4.138622344647555 3.5787111294575267
4.132108142841202 3.6294679454018364
4.3 4.0625
4.550544940389994 3.8776689373819644
4.248243370645007 4.586125058976515
4.525307228982004 3.8793995968821164
4.281120435275989 3.9572602134513764
4.861215374659449 4.319207170308891
4.5875 3.9375
4.780750862915192 3.738627827015528
4.246986587160231 3.669923415921388
4.838594144081509 4.168817241299788
4.768505562490823 4.0311291558433675
4.460852814059971 3.873523419485295
4.95 3.8375
5.075540141250885 3.501425274700459
5.000182333990247 3.7280931650318783
4.845393839509679 3.8282082916703835
5.083999034375709 3.856086971093174
5.572042662952631 3.8526264046362995
5.0375 3.8375
5.187313385621367 3.937849649339559
5.455284333516415 3.864335194322057
5.120439626306227 3.978267143276267
4.970281337903718 4.294276034720808
5.706047136595439 3.694491826205895
5.5625 3.8
5.994317531422328 3.502069060392647
6.174852475624375 3.7491354168268756
5.63080184926052 3.9638891318995975
6.1862594450936 3.905356058306441
5.685898733685928 3.699318513632567
5.8375 3.8375
6.3354889384950415 4.065711946225775
5.886419765580332 4.4191600949964505
5.641975833787812 3.929073391668358
5.70948989053818 4.013061229202992
5.832939146925816 3.412127914432432
6.1375 3.9125
6.310170544950036 3.6701352482221807
6.242903232766475 4.019779825751185
6.622845975649129 3.7207936611364807
6.171218350577886 4.516255594373877
5.799024840536796 4.076283596867067
6.35 4.025
6.14409279720658 3.8595538344375813
6.205937592167756 3.9981177973753104
6.443288786895787 4.288282606110576
6.413303104737709 4.0540637468925045
6.101029958621664 3.8329843106026216
6.575 4.0875
6.605634100651677 4.079289303553386
6.867602341950288 4.170225457947177
6.651366778005548 4.702120724594825
6.226466879360109 4.232999441235029
6.445379283288237 4.320542374485529
6.6875 4.2
6.763766248067645 4.111688439400324
6.611499831243575 4.19823009038021
6.923157714272913 4.305363260980476
6.4828192045568045 4.445128763588643
6.720340660236291 4.290220022433294
6.85 4.4125
6.582593059717823 4.278914159845
6.417039392499603 4.777951017005133
7.400798151275049 4.496102539848313
6.866148916025507 4.449557925695924
6.823671192016316 4.377242301782436
7.1125 4.9125
7.02672619198186 5.0137844563324725
7.0983534886417035 4.604031696669896
7.495060016221717 4.757392409883868
7.2178650185817785 5.61407457048402
7.315127542529245 4.837979989072682
7.0875 5.0875
7.091043486645951 5.153945139881587
6.760257770820276 5.538052233590038
7.468042957681274 5.6219862048978575
7.202978915495346 5.178984532565526
7.157907303328424 5.455843310408461
7.0875 5.1875
6.618183428956006 5.654612737525144
7.173480819308257 5.299105099836725
6.900822200095445 5.1549754150716165
7.258668826858499 5.226255080285323
6.866734149043857 5.395996798723621
7.075 4.975
6.803364882653892 5.443229870524602
6.911324429238922 4.640016123981594
7.051542551077863 5.598107779292383
6.704295882264797 4.728697635849996
7.553166762287641 4.94719774215749
7.0375 4.85
7.18493747366105 4.614801572765749
7.00920925113712 5.243077922016406
7.160101835774514 4.9019107747358515
6.85463807966445 4.639685226272029
6.809761999055047 5.369630244270459
7.0875 4.975
6.867393247839891 5.993212492505954
6.952159786183698 4.993204466350642
7.048822247507405 5.60942267377936
7.174450247771179 5.309264759466966
7.201063918381392 6.037167530228375
7.1 5.4875
7.126083687754661 5.539990158728939
6.957524433747477 6.084840040130736
7.355399736079339 6.0247442291025575
7.254147754661521 5.223762276173899
7.245754884988277 5.926247033975958
7.1 5.6125
7.095159386173369 5.767872182807574
6.683660593695845 5.31425106909076
7.447963344709923 5.59866531961922
7.578351512771988 5.850329848941373
6.897209058681635 5.195645526924384
7.075 5.9875
6.907823516327537 6.219446055588162
6.772097176152083 6.325140392763581
6.625056696263734 5.705462658344669
6.957206242653527 6.696554222569017
7.408159571841239 6.367654882670143
7.0375 6.4125
7.0150830579933565 6.846693947281345
7.024969891524793 6.578516624086655
7.357270159913435 6.80428658744883
6.991796361468326 6.663475182975804
7.455176867031739 6.539776429677417
7.075 6.6625
7.281338764256657 7.118941952541199
7.1693400032017705 6.301183980946571
7.392906787636439 6.68990450202678
7.061967020224915 6.820481903477649
7.331213256182407 6.807785845297839
7.0625 6.9125
7.602722023510621 7.154675403470328
6.994230304950877 7.553722132194787
7.438191751663584 7.327909291017444
7.157655819166223 7.380889790052589
7.028019866227426 7.097004490690816
6.9 7.3375
6.875265488696513 7.392469006252961
6.933699806090599 7.576583965734287
6.577556898268154 7.4059145335218775
6.442563812591629 7.78435463328225
6.795534065243542 7.4119111669724065
6.7375 7.475
6.274394404413538 7.915075344478734
6.588727728023533 7.510679523675522
6.568613801002809 7.637386430708498
6.714034997545167 7.604460321072983
6.576359124484668 7.28606262174132
6.6125 7.5875
6.53463906412063 7.663307089999144
7.130508210273 7.560812292303259
6.410390219298267 7.786340657982061
6.365991041800927 7.708630146862239
6.856985008846958 7.645730977612219
6.55 7.6875
6.516354244876806 7.752527765592651
6.548894427460669 7.709378566230525
6.383819880164412 7.390825914692881
6.8340674820761205 8.181251518772322
6.163636351481516 7.847143682163233
6.525 7.7
6.488774322416934 7.619755900471517
6.477995134363813 7.729087063839198
6.6275165883701375 7.773801813170634
6.662170762287047 7.152713085907917
6.805198719359659 7.7550373001486745
6.4 7.8375
6.549675047252968 8.335603788144288
6.758187980768166 7.8414972284109865
6.5887239137452935 7.813352763613077
6.785558480361355 8.316263385155906
6.213530768866816 7.992530178708383
6.2375 8.05
5.843463491390102 8.294273221831443
6.075939916735391 8.088107444815375
6.041396087060846 8.093761309113026
6.111606066961299 8.231566536557674
6.159159648873545 8.47260747606643
5.9125 8.15
5.59258904427976 7.77255310386235
6.110263561310747 8.424029486455364
5.382329853898224 8.265146068600105
5.8151766126195295 8.075370502823542
5.6941312161887 8.666961078440059
5.7125 8.2
5.119659144736092 7.910217361627178
5.506216952585083 8.331358218165256
5.956758832431137 8.374509459824763
5.6430727517830315 8.274174931452979
5.648994331029606 8.564664688108849
5.55 8.225
5.389525914561171 8.413232032339888
5.235445627590019 8.544261880994865
5.375269361414465 8.781930048060758
5.512142141995968 8.198073441832081
5.159730312760969 8.262272768949234
5.2625 8.325
4.8574435138247685 8.532796080887854
5.092415414875057 8.464418603028626
5.071403102951597 8.335846585406053
5.166244653616066 8.213742868981956
4.738341050244326 8.493210499604428
4.975 8.3625
5.023020588955075 8.359413102801277
5.323843944360251 8.13655045873887
4.708800653664516 8.404697886373913
4.704905449252643 8.920181784387628
5.275608805467992 8.594134672825538
4.7375 8.3625
4.351540440519069 8.449163425619666
4.715148282172029 8.67881300724061
4.719078474438439 8.220612344296985
4.384643356679868 8.337410693604467
4.07704131170078 8.468432903603107
4.4625 8.3375
4.511902072578651 8.710378599786191
4.001888480219878 7.972018422814048
4.557976461131121 8.23890725326537
4.443162049363771 8.132346636130109
4.648878410885877 8.330218044474242
4.3375 8.3125
4.041791763324335 7.927625442684864
3.916812344356675 8.223953456232355
3.3163054841648623 8.203826866355687
4.3068543987941315 8.41953069756255
4.0490533298025655 8.212042786489096
3.8125 8.225
3.2027646750943353 7.987241739324849
3.6360037986393268 8.75828535221071
3.6950690004489966 8.106924688715818
3.48960259746463 8.059296305012863
3.8041601221872576 8.083287759544165
3.6375 8.1875
3.578479721403503 8.29461162778323
3.7272344822443406 8.622839467178522
3.057950478122649 8.006021157371553
3.465906269064939 8.3998879416167
3.3813169598463455 7.758433382018434
3.3875 8.1625
3.6337674271706555 8.552640779265879
3.724669943269865 8.177304789846984
3.208856876470903 7.617545515558919
3.2229809011789543 8.137648029667258
3.132786277877147 8.08104893795056
3.025 8.075
2.906895433330431 8.026520084655768
3.080597898689871 7.682667140269541
3.09338042451596 8.252356823423867
3.1155971820912325 7.542404988032859
2.357700925740828 7.99624573668464
2.8125 7.9625
3.019647748270325 8.386758231729603
2.9083716149427135 7.769015165705899
3.0188372123023517 7.44540316306832
2.7538144554007338 7.994985832750928
2.8897842187617027 7.852579659640519
2.6375 7.8625
2.8434181916646724 7.620857844787723
2.1915492690263907 7.90021673795588
2.5031780228643483 7.858126544841797
2.484591422561956 8.191211283351844
3.1578432266668033 7.622800255513033
2.5125 7.775
2.092435659669462 7.522843142459147
2.1738073377186238 7.815645618212798
2.4967054778758238 7.863725309479557
2.4802240058171887 7.639081017177449
2.125982028509568 7.834046792985646
2.375 7.7
1.7447280361458213 7.602897207717606
1.8009940821765107 7.509454885681751
2.5467095232758625 7.774194388589393
2.0109458053243072 8.14436634927984
2.1673827577653006 7.756559168822084
2.175 7.55
2.438843592101019 7.624169338177694
2.062573174357283 7.526926823280226
2.3110590885066062 7.226551021467438
2.2174263881057668 6.985067952492256
2.2123956654221035 7.264101889469915
1.85 7.2
1.3752193637746295 7.290925735090676
1.9079118624277336 6.815172680552038
1.6442054720183048 7.06129645383577
1.435114798171416 6.807819505238224
1.7447595087609362 7.20705749443195
1.725 7.0625
1.5466942523095453 7.0654742937289345
1.4328570717479163 6.738910768882479
1.6384194151657852 6.994275908246914
1.6739354598873863 6.7947777765388455
1.8725445004440302 6.8720688063875315
1.65 6.8875
1.7070993452325969 7.010801574376364
1.9978570144166823 7.031961167918804
1.2687037773730998 6.868098638456073
1.588156934620192 6.9357096533802665
1.6565415540867137 7.074831518026251
1.6375 6.675
1.8495173970008199 6.517696511014371
1.2020156418453616 6.116597720087996
1.5941020113972448 6.597208328634902
1.987756055418394 6.418157188153645
1.7213602391284977 6.7068467247276615
1.5625 6.425
1.7204666938701543 6.590297652726477
1.6739335766294041 6.2198348304895035
2.083386777415852 6.490022477707629
0.9917554645295479 6.1183757152322364
1.1313399864751403 6.590231584876847
1.5125 6.225
1.8650836233218762 6.082623052285969
1.4877674431756405 6.115816256891855
1.5304503055195662 6.348937839581326
1.4098331108224413 6.040712842024708
1.1551914567603407 5.705997241945626
1.45 5.875
1.0491166997228132 5.957625852172496
1.4500204705585324 5.7934146393039345
1.2581746315329254 5.238092684812811
1.5783669207631132 5.323356946872592
1.3446414565405078 6.285513469943081
1.4 5.6125
1.7791762546411092 5.200508380801646
1.6480869651231604 5.381165332479448
1.145933393639747 5.927536438171442
1.7017473147160342 5.050255182668169
0.8650337869638596 5.4433525110106205
1.35 5.4375
1.4891414126910871 5.2533591603160215
1.2279102560323096 4.9432726536109675
0.8104820380768014 5.6034164660754335
1.5479975686954948 5.3391617077962366
1.2018206347079627 5.5145449147716175
1.325 5.3125
1.0687162143084472 4.961202741226526
0.9235259953085692 4.927479795570282
1.1479924726159672 5.533274027943863
1.2199639396891586 4.998928377619101
1.1516594424389432 4.82120723170889
1.2125 4.8625
1.1912687761846308 5.130014244211298
1.7090041215835476 5.182360950946606
1.421913201031288 5.343078242122672
1.140392942691478 5.415663799655346
1.1445036130337622 4.965946652045967
1.2125 4.6375
0.9365403160857412 4.342848971554484
1.5163208945885613 4.366772217077213
1.3288435376814647 4.66640929605994
1.6335587406970826 4.172329944446476
1.7448409369351865 4.330610984536112
1.225 4.2375
1.296383500183136 3.61356586679573
1.3299830154762102 4.202418340040053
1.0692332674445904 4.374151287966732
0.7348572723554995 4.2309587091270755
1.460665170715815 3.5927801089224034
1.225 3.95
1.4994037094649522 3.9153687223269693
1.0815287960466629 3.413440135703797
1.0475759473631878 3.931243021957568
1.0086943468375102 3.2809362732541003
1.7174850769249894 4.174939594451895
1.25 3.7125
1.1585313833422584 3.7724292899651757
1.4384502128226901 3.035776566850829
1.7113234291083192 3.1224590567503325
1.6403081503211894 3.041655606973626
1.3070569509420016 3.0436840540779087
1.3375 3.3125
1.3086035342071132 2.890549587801729
1.3642836775652099 2.7306466619234557
1.0918130443930836 2.845117552519608
1.5508330377926085 2.8345150693101546
1.3594762241525187 2.549491624935753
1.4125 2.675
0.8814020103246296 2.613812059041089
1.68669586199686 2.5245670508331086
1.4485682539600506 2.2876570060724943
1.7832100048783048 2.630760141191118
1.6770883520831419 2.9724977062504565
1.525 3.025
1.4642822374002997 2.439549227374607
1.3823877714329735 2.7735379432902065
1.5327550298671397 3.013218278219962
1.5831411425050403 2.719324999433425
1.957277776730291 2.74252322140415
1.6375 2.6125
1.6855856354106735 2.0336466372328856
1.4612631537061396 3.054476523543029
1.5627469637807092 2.020391632819616
1.6519331940152955 2.578061534498674
1.7573097896518555 2.430104401719872
1.7375 2.4875
1.6410000856130698 2.1834926875357326
2.35834301211649 2.6994400774847422
2.0753326468944295 2.259275378106186
2.2433422683764745 2.4546006158156586
1.6481827209556812 1.9796990320382832
1.975 2.2125
1.6363938686594532 2.266379827805983
2.2453144572879493 1.7225075327676236
1.8862124280709338 2.4421184404827345
1.9142413787666588 2.055968347704693
2.075148527248789 2.0784203641958667
2.375 1.9
2.792007698779321 2.2477236471457345
2.1818489026655272 1.69094931538674
2.703580988318418 1.38524012492269
1.9600907429732637 1.4530203285107135
1.8900864743863512 1.8570610297902619
2.7625 1.6875
2.8263112162921096 1.7023346154905596
2.9505500806177887 1.9181285292326251
2.824143184247761 1.730237024421983
2.993918249459437 1.2057667084412202
2.64359493556524 1.8861611796584057
3.075 1.5875
2.9393137164737544 1.1438011044566196
3.325171340690576 1.5121623030315745
3.131972529823509 1.5604830438095434
2.623357642224261 1.4128874293199687
3.1084563086730617 1.818541999259861
3.75 1.425
3.823289359896145 1.3435811267120328
3.9338713146752498 1.1716344744501428
4.237929453285544 1.7267115456378348
3.7271043353336912 1.3998341396049852
3.674999043369797 1.541023228924948
2.575 1.4875
2.228387876858794 1.1095549263776405
2.139746313202253 1.6968754923399003
2.391868660417835 2.076937938307215
3.002242797943857 1.62484999872497
2.8385489911600836 1.7678406667835431
3.3125 1.4
3.76355609962791 1.3369718327377769
3.7865660469037175 1.2947073308520287
3.85347392056192 1.4904945123089832
3.666742126798274 1.151221275421996
3.7506148710552125 0.8045656855908134
4.0375 1.2875
4.260901545494972 1.163375415300156
4.354246650970784 1.3056195993453585
4.227529212738416 1.8378669256939844
4.109320823195126 1.0030307917644052
4.64658333352941 0.8916029255236566
4.6875 1.2375
5.032414207880286 1.2749476934709052
4.613215365024949 1.5317985735496336
4.993173801395303 1.7814971817959602
5.505649283073605 0.8804176406531212
4.603760730518059 1.197941074554373
5.625 1.25
5.619847422836104 1.3908519047871863
5.49187123152053 0.8503061135728303
5.344328629276893 1.4269517312907483
5.374391354169836 1.8030263447319044
6.064448659804142 1.3350243693185462
5.875 1.2875
6.32992525169702 1.348610944902937
5.931902420322194 1.3218447626358283
6.49518895151527 1.596220142377085
5.777378532816302 1.232963849362632
6.339244340308825 1.2196011832145914
6.425 1.3875
6.153142658609167 1.0391141721113555
6.363815473605291 1.537809929310852
6.699177260545916 1.1671901334336325
6.719208399380106 1.3000245660966598
6.388907477138344 1.3350026208307029
5.025 1.1375
4.815129419362324 0.974560591860589
5.456066285155672 0.7887948099648299
4.494719418604213 1.3446301442576583
4.973581185140626 1.5779667187436601
4.788061803495934 1.5339188190868724
5.5 1.1625
6.022568130985212 1.2570854066789778
6.329142491439913 1.1603711041478733
6.038906743735215 1.219877126331251
5.949242585440414 1.4949000428469787
5.999419588149965 1.2758492437597113
6.45 1.275
6.035008180310325 1.5241422761510677
6.10616340425185 0.9532256162156315
6.64352973481694 1.670181136322121
6.095205287099432 1.5955200075707439
6.603491568959695 1.5171359506502
7.05 1.475
7.267624150210672 1.3299684111313312
7.319306403654153 0.9350331612976206
7.0944944230547495 1.510829152178158
6.747669269937792 1.829283073001649
6.892690626672518 0.9950357062562987
7.25 1.575
7.2775852083818275 1.5767184345688279
6.881277428897891 1.9335248732620016
7.057510769821607 1.2775496440716978
7.28346290372796 1.6471178769106132
7.901362950769891 1.615748799685197
7.5625 1.7625
7.66680581889796 1.7567218410178043
7.055455791286969 1.807423520927135
7.770707461723473 1.5211245326760803
7.4740740602820726 1.8963574300329924
7.9864214442378785 1.4818435892308202
7.8875 2
7.853565475572081 2.230192981485638
7.5096607414397125 2.3168913223141105
8.432093441281449 2.3290230969695074
7.989185169127244 2.1804140904696254
7.9479019972197 2.140232739051889
8.0625 2.2
8.388793527372844 2.2908098085649855
8.195480949662118 2.365478966111482
8.649952861673999 2.173366034438678
8.212048484230262 2.315721587723972
8.209502395867258 2.6769793277831324
8.25 2.3375
8.568581089462484 2.244955042613833
8.185147937593275 2.303069395326794
8.763419838387705 2.387829428217363
8.677892505482891 1.963408805919127
8.721642435177246 2.120227679503503
8.35 2.45
8.21624658116459 2.140318403755032
8.187068316555841 2.8242910087512882
8.65736263544213 2.629720543590558
8.467613964760776 2.6958135932817626
8.178961771685254 2.4889627996010217
8.6 2.675
8.756981240835694 2.9663970661915187
8.81667105129116 3.030595573483353
9.083885955121065 2.9230939988787794
9.106702031980515 2.594792479868518
8.95888012249688 2.784020293733134
8.8625 3.2125
9.435373370375935 3.4772372391238235
9.01220746405296 3.321310583024079
8.441759878958141 3.2191376917646735
8.995501165889706 3.424814932292233
9.144844750641107 3.4850857609248336
9.0375 3.5625
9.471578877357612 3.631102453607732
9.613846610787101 3.5243290095541
9.088886133435825 3.680230258489961
8.74186063339334 3.8002816536357384
8.912931010392018 3.681328411454575
9.0875 3.65
9.06198595664082 3.765877355334441
9.35288180022395 3.42483869835157
9.359949751996 3.8373784369938617
9.336836507926199 3.8593118568851397
8.817487795101915 3.6188625987726484
9.3 4.075
9.390432465651681 4.385082792843736
9.580485858233054 4.686875309272894
9.464205820769369 4.22040743409274
9.49770575891398 4.07044165359336
9.47949419108482 3.93568343535937
9.4625 4.575
9.51988498921055 4.363033539590484
9.272310006146775 4.9883786225371765
9.17567651568997 4.460674910348395
9.514228024548643 4.8544220804663105
9.25858583207636 4.647528741822152
9.5375 4.8875
9.232569952760155 4.744391803574162
9.667857990595344 5.281155931593716
9.910677144402246 4.87108221897152
9.532978809425227 4.968197832671081
9.923224995692767 5.182421148590111
9.5875 5.1125
9.846684331105006 4.758797473788809
9.60900388503659 5.265001560798794
9.47234983282536 5.186000630756754
9.533463226351328 4.939605833950562
9.230600092019191 5.013423821959924
9.6625 5.7625
9.862591758991124 5.887358423896009
9.814838472449116 5.6217863205177006
9.224094271096249 5.811059746437264
9.67689498468695 5.819501329849586
9.767290534750199 5.8131541889904
9.675 5.9
9.231345651508132 6.220897088858637
9.462122878282305 5.976715304497158
9.832425967131552 6.2669220810006205
9.852381250596064 5.8366741692119835
9.671059131371749 5.949832587907459
9.6875 6.2375
9.535906658848969 5.977291511455987
9.91465604728722 6.569634318160761
9.72520623647932 6.525728722839082
9.894840246038868 6.388404483565493
9.725 6.65
9.80206329874955 6.481654088100527
9.15759421423012 6.64031502571777
9.698362421908445 6.851299996700133
9.794094366138534 6.892299881477115
9.6875 7.1125
9.244267277295268 7.294419944428782
9.971577906639542 7.733262276645948
9.870211955766411 7.332899761643956
9.354266018050462 6.977334921153838
9.232580558305587 7.310667630493983
9.55 6.85
9.71221519265885 6.285960805754258
9.401696933275115 6.553826059685264
9.614958825479338 6.686804218195343
9.649055072842708 7.038835710420587
9.661865943043361 6.43310028148403
9.5125 7.025
9.296932392220338 7.663984491395931
9.334136696888331 6.750315848076167
9.85120879177777 7.165604913761767
9.977835876914403 7.438072339518586
9.972013959292687 7.452676891544572
9.4375 7.7375
9.099831504023124 7.414222281789665
9.894180039393662 7.56300540145314
9.533142958722934 7.996760003143052
9.71386680465751 7.417803831924688
9.383307601159967 7.897360628714369
9.3 7.9625
8.92264213701691 8.356247880604428
8.969983402288866 7.871290121312765
9.011386484934338 8.045826481531666
9.232247274024807 7.95398543713763
9.277097236199987 8.183562915326489
9.25 8.1
8.912908169329516 8.245474416621978
9.269979514399832 8.750692931746297
9.383803626574629 8.168219888104407
9.24654665398816 8.10415604833146
9.226703146042928 7.713087017485572
9.0625 8.325
8.625362277459338 8.657417492641708
8.816228976556186 8.546399404307735
8.730740532907049 9.088212788120977
8.233362770377122 8.73031212163157
8.782538923731275 8.531093597710441
8.6875 8.5625
8.94906175574201 8.43128089194832
8.610166168844634 8.538226449128798
8.341067167823425 8.028513575366189
8.410304552563073 8.45060643455041
8.35730447405801 8.849803952779371
8.55 8.625
8.05942120402484 8.410424258151377
8.321544791102706 8.556512125043422
8.407009432909982 8.677246407215682
8.574491893124646 8.942436403097396
8.47066173067988 8.632952372756154
8.2375 8.8625
8.380572358282048 8.618693737512299
8.035328880673742 9.007703298023293
8.245506174283838 8.906856771526616
8.282356998894823 8.66216760896068
8.174853519266325 8.913408814609603
8.725 8.7875
8.272862707357381 8.827899914661872
8.59524514782992 9.125279862940765
8.687114824206269 8.775290945958158
8.498937037915564 9.03014528690581
8.443887332502232 8.88109229214287
8.0875 9.225
7.742872647149059 9.219007963912347
8.104148452950568 9.386259284101893
7.562496376295688 9.606814738586516
7.1441527776778715 9.059841956709324
7.6125 9.4625
7.405281095787716 9.342298553283769
7.9118242498613185 9.15647839015829
7.54317364893928 9.49189016495303
7.6395774870970055 9.480436312106928
7.4125 9.575
7.7139413520822115 9.511674838040857
7.507145577893712 9.365509167423827
7.542193285361451 9.71765405657665
7.31983773094845 9.401257147678674
7.04701625096442 9.30682809928021
7.325 9.7375
7.532943918424712 9.285269301596902
7.333321954739579 9.76500319288833
7.278324347244127 9.675387784156195
7.813680096293534 9.403163584447
7.2875 9.8
7.333843900045882 9.855255412624109
6.902025301764185 9.640945664995092
7.101003651417521 9.637439966316414
7.0875 9.8625
7.108105306182184 9.307724170603645
7.013640046722972 9.794636815193947
7.07330174383079 9.851332911670728
7.510768871184458 9.48914989790962
7.6155251292378 9.709327573317177
6.9125 9.95
6.831245140564692 9.826523654334636
7.036525488918412 9.961360440792523
6.86021497044796 9.967809611737994
6.425 9.8
6.6375 5.1875
6.452382259063091 5.518360624520957
6.4064421300010155 4.97497945137491
6.818881770791725 4.9207601523094855
6.564563147365966 5.073335185911287
6.8889932033114984 5.434263248341692
6.725 5.225
6.750459491710023 5.548456959894739
6.739539472392918 4.761254100284209
6.731692052385571 5.403219860593921
6.378652894678885 5.348238023707433
6.835631183470637 5.597917382501223
6.6625 4.6125
6.561094969836202 4.57202518658924
6.758941706251534 4.624304725023988
6.6457382694221305 4.563919351637875
6.368420800352785 4.067241200976314
6.549561174522853 4.676043860991962
5.025 3.85
4.927880535366333 3.8329388996292293
4.4496088966900915 3.982602814606243
4.904327487093089 4.3456680623769754
4.957357871807411 3.8577084011926965
5.01325473998782 3.9524960068860224
5.175 3.725
5.117101444888017 3.8544974202977342
5.2747054311321095 3.4869172349000905
5.6534153849743465 3.3861256413300835
5.189796271382701 3.253163705627324
5.596286336513145 3.6483227962352958
5.4 3.6875
5.539766369426015 3.840389323805703
5.583364437359467 4.032436561516156
5.574312163787724 3.6933552290214804
5.373013757802494 4.017398079603445
5.0437694379434195 3.858608522570177
4.7125 3.675
4.3299625116629175 3.4829178414571205
4.587851317496858 3.4972917154223495
4.222396641689926 3.1600805281204742
4.1861911299731736 3.900548773490514
4.030888164040522 3.6235973980803786
4.8125 3.675
4.2832989457582045 3.5000888331105955
4.88323171826446 3.1815497662232475
4.649800438841543 4.065000329577706
4.733268669929335 3.197797081063155
4.927489939760239 4.27568605669512
0.35 9.3625
3.0527331934169015 7.833477838635254
3.2240945835984576 8.22645119412006
2.5479336966904675 8.012895501335409
2.9158865228439224 7.795833996809594
2.6862153584182185 7.452921011550037
9.5875 0.3625
2.775 4.0625
5.575 7.475
0.75 1.125
8.3375 4.6125
9.8125 9.7375
2.8875 9.6375
0.6 7.925
6.1 2.9375
