1.3125 9.275
1.525 9.1125
1.7 9.125
2.2007098381117243 9.127903090206773
1.6590051995113324 9.083009671344412
1.6997894623937153 9.162052752936956
1.7121307774035255 9.133298425755028
1.6802545793367405 9.15648451922277
1.9875 8.9875
2.2324837909632405 8.498294596254272
1.9696448082374993 9.411028314534438
2.0718089741687145 8.967580893193118
1.951243896651994 9.251815759485895
2.0995563227493337 8.953018417596619
2.3 8.925
2.4304995249149686 8.769501534538087
2.9432352769703156 8.736549201986088
2.41619705913467 8.858556504901742
2.6149946154901524 8.823938738072457
2.2057778311846707 8.870368252203978
2.625 8.75
2.858657340930402 8.959282650047177
2.6226375291700585 8.439399746077068
2.9235077104459126 9.148466085531002
2.5619600689284736 8.770511859782468
3.198434576276422 8.762946596117784
2.775 8.6875
3.218963117318154 8.936866656185204
3.2689601400005763 8.14357398366977
3.030170279065377 8.657118244267215
2.993168836267042 9.164113369799612
2.536585469197348 8.48624749179587
3.3625 8.4375
3.5561338855289244 8.224532305391923
3.5321624907132696 8.476048170390687
3.8172008052866673 8.153181686538662
3.9002595600971874 8.009761472960236
3.5440864851655873 8.25936499380024
3.925 8.225
3.461435810970341 8.431167610437946
3.785252173377078 8.141126822315352
4.325981303108051 8.261027175718468
3.746816977503971 8.372400845036633
4.301649043349887 8.40328460987657
3.6375 8.375
4.200545571711565 8.126000550306676
3.7963396180087825 8.384176894896601
3.8334328621353846 8.274324802050472
3.723141482507048 8.794476794027627
3.34892237331772 7.952815569325746
3.9125 8.2375
3.59722701902784 8.579820426147947
4.2152305260613945 8.404663406827133
4.3454145525293715 8.635165480976454
3.764942844756944 7.779228536021518
4.057039169484295 8.33669633952475
4.0875 8.1625
4.49608928691646 8.138260262477392
4.032759575918783 8.226384326258838
4.465677767610567 8.179908864965016
4.2304923331429425 8.369802670642986
3.9697165396822998 8.402797996425635
4.425 8
4.422461946610638 7.913856118920583
4.406720158740765 8.087189420288954
4.731854955902015 7.863341059393129
4.474261210353319 7.791378065708136
4.37250444937376 8.030630220484314
4.05 7.95
3.9972117875230837 8.129052444105723
3.9184328005715194 7.97140113641777
3.5342743839822353 7.520703558681599
3.8599762834400435 7.903377729800586
3.592753370755738 7.389408197764911
3.8375 7.9
3.2058655300219256 7.744933989969226
4.201146495276892 7.920440745466239
3.649119369728841 7.847062855827427
3.6929518285090226 8.396483067417764
3.4381602723116145 8.292871616446968
3.5625 7.7875
3.673069610573518 7.675203693957703
3.373056761647063 7.8165231796236325
3.0865499775678176 7.502472562673532
3.3830233540382237 7.268555947506597
3.0973252872674983 7.781658186251136
2.7 7.525
2.414755035206791 7.462812001744171
2.862035362982136 8.041842041093606
2.6324226671162068 7.473844207670159
2.478685189535962 7.3817432836199925
2.2889663749408 7.375154863742234
2.4875 7.4
2.511752380299382 7.335978243759252
2.5335612462621806 7.248272472880432
2.0264792807447405 7.435052490056636
2.367185159169261 7.347968362834561
2.6122968732682117 7.271731378063774
2.2875 7.275
1.8436865233872979 7.692117066545737
2.181000245722241 7.082001446420979
1.7486766097787279 7.428307338447086
2.227598485681201 7.359868217005757
2.1831667865248265 7.207433253162847
1.9875 7.0875
2.3093187561092234 6.818371406364537
2.173604825608811 6.939826276253181
1.8646451866221327 6.746750095015946
1.9426377842027296 6.865291504022615
1.8011459925752722 7.146732097655272
1.5625 6.9125
1.7691151896087896 6.747014736203381
0.8504985378387465 6.273541667180878
0.861531098248211 6.679396900200072
1.1061251768099525 7.270941268641176
0.9646478860020092 6.797228333365848
0.8875 6.6
0.8919344462365318 6.367966875610923
0.9113203170661717 6.600058717655813
0.8709665604257918 6.590866077486697
1.181404214049262 6.726333267947877
1.0435969342165579 6.70270799255425
0.7 6.5375
1.7343253529502327 6.707829872733043
1.444970093186497 7.059814863196098
1.3927933816450708 6.900087582462116
1.5644621773192524 6.819908307970451
1.6152560771424191 6.3228790737957885
1.25 6.7
1.0774670737954886 6.725150493072181
1.1186602392989777 7.051880261562961
0.8595105106049168 6.5151107801455055
1.300733456141931 6.899703883628033
1.2508278069388674 6.440221924723741
1.2625 6.7
1.6567872338039984 6.322887728979806
1.8381630717734077 6.99725231309742
1.3256658977641684 6.567928323322766
1.5730545062285421 6.726123733633875
1.1807215077675477 6.992825214496127
2.8875 7.325
3.2177367360761173 7.727198668185471
3.1084428104992847 7.35200579975232
2.8982863463702726 6.920294052105246
2.9850012542603124 6.985898188295946
3.0504569225007985 7.16719304182727
1.275 9.3875
1.2673572878250468 9.190338933559214
1.2163307816292914 9.3543922820709
0.800194563827219 9.305969354006086
1.1316373320000266 9.17575657122555
1.2307731890888165 9.859119709324247
1.2875 9.45
1.246919287635907 9.239531301329306
1.2381218674499217 9.419248157670097
1.335791680211564 9.68218091424851
1.01905124432901 9.525674246567954
1.4513391405187952 9.658121366314187
1.4 9.4625
1.3630960884328531 9.476763462961122
1.4950344134516498 9.344054652424138
1.5572962856274655 9.418807594615869
1.3738465364366634 9.549822341631199
1.4580096212229186 8.86952239490952
0.9 6.7125
0.7652322498909487 6.724326181397122
1.3828674219153534 6.3759681577744844
0.6866223269805458 6.839431530434709
0.8945070310558538 6.715804249025015
0.9127426462148792 6.718997351519562
1.1125 6.525
0.8092396769564794 6.210629910684665
1.0874835305966069 6.596091275450559
1.2395066159384782 6.330973867492923
1.132729906776487 6.497784697127765
1.1225373182593148 6.45145215584908
1.2 6.4125
1.3473819463621945 6.22408047619883
1.4747054638029484 6.132285716628812
1.38990762168513 6.4449261136720635
1.4225178993079288 5.979719763359801
0.9388413124832198 6.337160421351773
1.6125 6.225
2.0735845343352985 6.423748515137005
2.0840767522493904 6.5624715984291075
1.6368553975732691 6.68928730877914
1.92087116932721 5.89868613830838
1.9319946825187189 6.3431540393814805
1.875 6.125
2.168101309213748 6.365845132016303
2.159819196569474 6.076637672580777
1.7501876738594304 5.595079001472714
2.2349966353989164 6.151248393170407
2.50040403759452 6.065982128284249
1.9 6.1125
1.5949766505323393 5.6938518328327685
2.1544703650361154 6.0596675611959325
1.8060283461132702 6.610001351702978
2.108410736225239 6.140202278218
1.8900060017656286 5.950099781726522
2.525 5.85
2.068329092181848 5.870521436539436
2.556045962184258 6.056129006673939
2.1669056485240787 6.307138437838151
2.436131170700183 5.407389148943953
2.562070136924466 5.837328695800123
2.625 5.8
2.3335546559569296 5.482150421457862
2.9471372612828213 5.85494117202834
3.0230887843326135 5.706319449911851
2.987984186301727 5.741005597230311
3.0134368626071235 5.3058446515219115
3.125 5.6
3.3071362341315025 5.461773214958683
3.2682101682021276 5.668193415494921
3.767960702819434 5.745439164127875
3.3600544789321014 5.9184037052616905
3.0915069678303935 5.536464396092727
3.2125 5.575
3.9259267105474316 5.61912114358924
2.915713230122206 5.499079382377118
3.4638963809467094 5.680918773529106
3.4180961296552694 5.59184509378124
3.302297001705532 5.535991137184776
3.4875 5.4875
3.3075824301369288 5.21218152134696
3.6735034272971063 5.603795887988805
3.7569677733382756 5.708437408651575
3.5921191038064215 5.456862915607351
3.397585978165325 5.387870870495896
3.9375 5.3125
3.8352457622474114 5.436423643094295
4.128619011538381 5.813851819133872
4.541327650107386 5.500411902377179
4.220153812805464 5.823911481816346
3.7820622200923766 4.749220044171873
3.9875 5.2875
3.9353385363341133 4.907202711110491
3.9465877346514104 5.616199681673631
4.167500142556921 5.662840961063034
4.471446429356591 5.329677158917154
4.099253887583766 5.22260519317747
4 5.275
4.184755290969694 4.6820079169772875
3.541693712376314 5.208778579785506
4.394023594440442 5.37357550636824
4.424020175977315 5.052370741194293
4.546945841610055 5.27894151382663
3.9125 5.1875
3.8162966336407123 5.167658464663388
4.070781205624199 5.411730180494399
3.6709903696799038 5.058056656642556
3.4457691608231777 5.211439505799879
3.687366251021095 5.385543357057553
3.7375 5.1375
3.8762473611458157 5.066202303759701
4.299904350076842 5.353012730963434
3.4616988524012178 5.017085621573684
3.5212591632950634 5.583330049652451
3.3289935375225 5.322570135617299
3.6625 5.075
2.6045425681732346 4.536588841809239
2.5620994313768852 4.925326966671835
2.462938484113998 4.729189826478507
2.4348250716154576 4.555746084342797
2.9353303437481446 4.694053229249592
3.95 4.9375
3.8101901420438287 4.932203059877716
3.7469950398231497 4.385267620638584
4.058030614340921 5.134324915711614
3.949836203973816 4.554047734983662
3.715800454958928 4.821610064911193
3.5 4.7
3.322044165292148 4.656655192795365
3.500000656969113 4.7675029235200705
3.6716088746202864 4.751861211246492
3.4325608875926434 4.025080042029671
3.0659078186759148 4.75696396713108
3.225 4.575
2.523769433277839 4.410017121466735
3.309761167419906 4.533753214906527
2.7562615755994546 4.358061850563996
2.6222467867676724 4.7989957063500395
2.701740857286216 4.641419015227118
2.75 4.3625
2.5971475225567078 4.341150385364443
2.901012937065717 3.8883382624993956
2.7971308519350195 4.379479805288016
2.9337056250305524 4.366035541338539
3.0548358293987805 4.426103745255763
2.6 4.25
1.887312246181363 4.235412235124698
2.6484361629897384 3.797059531199114
2.296182271905614 3.6790693903907985
2.3249103689375534 4.08986104345537
2.5276242730987635 3.7320886666231488
2.3875 4.15
1.5824532745754778 3.7506163950900477
1.8146994692405385 3.448049549864945
2.1087438434185426 4.100380657406358
1.4375958205128936 3.9275030734357514
1.9855716164435997 4.429819056658797
1.725 3.8
2.045570814996309 4.245328865204804
1.7521176955367364 3.725680652824006
1.805575884092774 3.6765095642966927
2.134858506159474 3.429240690085534
1.7240285540818778 3.806775296146374
1.675 3.7625
0.5275443140775364 3.6048476354241736
0.49975709376711663 3.4933087674680947
0.9584398551657125 3.403021098709755
0.9150627787860115 3.4671348840594063
0.9435325811323085 3.576366406268518
0.95 3.4125
0.8064371744547101 2.714767963915
0.797067360210566 3.3171936055847864
0.31601389517052203 3.465726309559122
0.9190435151177168 3.043754817498788
0.5533329230612113 3.1368736355850175
0.8 3.275
1.0257246010982193 3.6638993693466064
0.6466897401369813 3.1560567127947365
0.5900481994578183 3.5077385127028022
1.1595948366597466 3.03745995220806
0.8263844085877583 3.2702963721246676
1.1 3.325
1.3121607578890608 3.492328075544286
0.6555570654672649 3.290732240492497
1.314803043791631 3.4118033155135308
1.2482576322184724 3.6460934923162105
0.6734970653229924 3.519187607757945
1.5125 3.5625
1.9673722438905703 3.689537307067666
1.3676769623839782 4.009715080518497
1.539862480403356 3.541363390538612
1.2093649533392612 3.6275220607949237
1.1463811171611833 3.3550104211583855
1.8375 3.6625
1.4379210681900347 4.058578155639021
2.11726533228832 3.6352532503101416
1.802299093530436 3.713260642813468
1.6574636068543118 3.645895478676181
1.8827932738291762 3.7899111780354127
2.1125 3.9
2.585790429472199 4.205323999104474
2.2119080726464313 4.478145973068644
2.1767309123292913 3.9428127207614616
1.9495387137517362 3.552436576628345
2.1853638175876537 3.7569807425623942
2.375 4.0375
2.543652571906452 4.150624783837115
2.2509065400604316 4.06707802026971
2.78246783631962 3.826548871406687
2.972611708295075 4.1707777168576055
3.193096710835641 4.333734486705448
2.925 4.2
2.9304894153368597 4.088651135683817
3.213005943247423 3.8339660204461063
2.9488558956035895 4.112504715901503
2.7595339233237524 4.663657892054225
2.784487548002382 4.533381993798267
0.75 3.15
0.9195094575964907 2.7476041543458978
1.142242743407718 2.8487468554783164
0.732367598518965 2.922052930713143
0.7577123072645047 3.1870968441437952
0.8373785852862696 3.026046825816972
0.9 3.05
0.697534243863964 2.5450243563200745
0.7158659305473768 2.478099671926995
1.1316341588843981 3.0374453764337774
0.8724033149008346 2.5642180472816944
1.1462802810144814 2.7978767893237957
1.1875 2.7875
1.732688148124467 2.7587354664735515
1.7737766694455679 2.660725417604398
1.5560784410306723 2.447790004924234
1.2261757904973218 2.7347662504607486
1.1867658602337967 2.6435851482410286
1.325 2.6625
1.3823812090743948 2.5844308113942702
1.7281465554766118 2.490244299496008
1.2910164810952398 2.2121387332498017
1.2714849125941554 2.1929720847786003
0.9966253363849656 2.256943833229664
1.5 2.525
1.9696843601402527 2.355552474754049
1.5623434307853752 3.027186590104796
1.7357080213715836 2.442436284160183
2.0679762680747795 2.6835653711440557
1.7288645407716643 2.311684484351096
1.725 2.375
1.5331604409729909 2.1791553425324253
1.817222712831694 2.326049214679209
2.030825009086187 1.79067362767275
1.5517751944428084 2.222476127339546
1.7466242972688988 1.8689956153512157
1.9 2.225
2.2695983115683456 1.6214954694575467
2.0779489325356275 1.8419497884525355
1.8452777816236092 2.184352137098833
2.1080392152049017 2.48113545540114
1.690102277613055 1.6339798153925542
2 2.1125
2.413326611657877 2.0093106338025124
2.3748935562891456 2.1490493651905282
2.06037795654719 2.1144323744278752
2.5686589922726863 2.100402515629939
1.7484274645010007 1.9328322373290105
2.1 2.05
2.2690193413134856 1.8966730694290845
2.155107393768224 2.019997542733151
2.144517600312181 1.7513641882959603
1.887791245216702 1.6996123042679443
1.994580466900448 2.598459902790091
2.2875 1.8375
1.8916375229656022 1.998748430943182
2.6659077178424697 1.7311491721922891
2.163577240405974 1.7897136953442172
2.205908977094525 1.8255499846419512
1.994450121255909 1.895890471895889
2.325 1.8
2.4888782919774406 1.668250661314103
2.3049240825434114 1.5191529402427448
3.0051589701184835 1.691436129414906
2.2240770213155088 1.7533683482472753
2.35658841632217 1.690580647635393
2.5375 1.6375
2.6074011594201547 1.673448773434447
2.1750441141490096 1.4266077350667075
2.6341435359512864 1.232811443423374
2.96702774918969 1.6717911721942058
2.8516978883685793 1.0877862807882166
2.7875 1.425
2.8927175654752566 1.338379012269121
2.8016409008470995 1.7028455016939135
2.7668099493300446 1.5130272680417263
2.3056680227834425 1.715778567145699
2.6405744971095064 1.2972566387814184
2.7375 1.425
2.969228501631033 2.0013980235693696
2.549119215445332 1.4424903462876457
2.7645942867742876 1.796468181807586
3.232378774570698 1.1690606434264055
2.72481856490246 1.5910123935683615
2.75 1.375
2.627298765577348 1.9347461175629774
2.6837174684367087 1.4327002237087938
3.1023932717473373 1.4352539686962473
2.823005595178786 1.3219322831939535
3.094364090211838 1.1248999782876041
6.5875 8.8375
6.476573652762292 8.522989417846937
6.543083981135185 8.57608371608303
6.309896009179037 8.47247227618584
6.659321259654321 8.838998114528572
6.606875332123694 8.710356740534342
6.7 8.3375
6.588542855108203 8.512110203968678
6.625767666280497 8.227476127919738
7.214078974419579 7.99634736100445
6.730555347270223 8.328448302146748
6.866872267948165 8.167477770979932
6.8625 8.0125
7.015046413605546 7.767789108238252
6.82321219768392 7.835437381266475
7.34374132244717 7.765241052343866
6.917461346928013 7.980034507633467
6.998012663491433 7.9922191588555505
6.95 7.8
7.551145806257762 7.347992160645407
6.972055935296881 7.271106075984217
7.062281501940791 7.364974855129075
7.311154101099733 6.868315031088608
7.100098308455534 7.756324798947316
7.1 7.125
7.103407920258235 7.028387292171933
6.996676181231149 7.106538126732589
7.061012398854446 6.677856067542907
7.150939175662854 7.054038413392608
7.020933040824874 6.837982362646933
7.325 6.575
7.570823355683143 6.286614789116426
7.804248172345792 6.497728733741934
7.47396684858101 6.473533057714533
6.835437490410901 6.217575669359054
7.305472664269932 6.141889034163623
7.2 7.3125
6.592757209027221 7.727701204801358
7.230736868374938 7.514285771960448
7.178860467316179 8.208671715824755
7.177160237594708 7.0372191143076375
7.26657101459851 7.987684840871838
6.875 8.1875
6.986928913862757 8.100708017301274
6.858346435833463 8.381193716568088
6.677407615270242 8.525370545259092
7.223077824384001 8.6593587172305
6.726331591050654 8.437856098172059
6.7875 8.6625
6.77548699829442 8.696448193451221
6.236913060813283 9.179341715790267
6.851005199020561 8.872920891434296
7.1399688097366525 9.186768876197048
6.517610046967472 9.082060834884903
6.6125 9.05
6.045654576674183 8.8138849189165
6.488174344254813 8.82702846533249
6.5574743405211064 9.178906261183222
6.316731698411632 9.182801317154004
6.780824323305185 9.03467137400658
6.475 9.275
6.388203842633645 9.476186269123387
6.631542020220644 8.972081402742678
6.643066176498722 9.217893668606088
5.995615754649458 9.412869863563689
6.538649319526373 9.367881409264289
6.3375 9.6
6.288738159818221 9.729355601155655
5.844002925127972 9.801233054547717
6.0289400477193045 9.81816922156475
6.1038315784785535 9.615367145752495
6.4625 9.2625
6.598981755775668 8.546205572611312
6.707520313273095 8.4297387804301
6.899674034843618 8.880895413926206
6.786108698469889 8.600819744322251
6.464691966813905 8.678835278147337
6.7 8.45
6.670853018541419 8.267444181236362
6.74481236635669 7.885271219683128
6.645789197714666 7.937908935115539
6.858593227786431 7.6741216065811955
6.6019455398718305 8.372207477830395
6.875 7.8875
7.2313999035179775 8.066457931445758
6.892696539859061 7.013582522716893
7.508999356646188 7.612771310667322
7.160910500698 7.203779335494161
7.131743154371148 7.019852216808334
7.1125 7.25
6.872394611863134 7.071993438578536
7.373498879309776 6.569350713681987
7.449179539093069 7.057819617219501
7.149438592696461 7.211400395376602
7.654598630220687 6.837280244070849
7.2375 6.8875
7.606917036600516 7.096326452177365
7.608935433227953 6.404081206452221
7.51557882411155 6.976817588708947
7.37717510191974 7.43097302117126
7.047049758057462 6.3959413713479325
7.25 6.875
7.138307282047817 6.839604785471147
7.214474924726005 6.8969193555748065
7.340999859379882 6.897700357319356
7.389749114972557 6.988903435854269
7.621396296891795 6.711455017258973
7.475 7.025
8.194216012146233 7.3295925725485604
8.174912670932489 7.409262011786612
8.03262948207519 7.2939838613511485
7.741572125008065 7.139940841390308
7.962768712756281 7.786213449843755
8 7.3375
8.503391126510078 7.630630927192366
7.842035207038224 7.4879086562607
7.7178245178358695 7.1853328909284615
7.43417227546375 7.339688696645183
7.696111648019804 7.05630178651263
8.55 7.5625
8.974659861573496 7.799911638400542
8.847374881198007 8.300181257568443
9.134010934278535 7.840506173373595
9.214540264137096 7.78186248775644
9.061405275104727 7.774558171281013
9.15 7.9125
9.112214502162939 8.22112900606595
9.138496423378502 7.854900476212604
9.17422417648191 7.933709538563809
9.66322617610496 7.765744531776091
9.185028825345356 8.159490296877582
9.3 8.05
9.713021309878059 8.449569432108502
8.756661584446823 8.105481473902625
9.2524538071895 7.928459061365355
9.169355555684048 8.063249221430286
9.014550378263742 7.657128520364783
9.375 8.1375
9.180940906157119 7.976856266504645
8.861909250326558 7.635606641447242
8.847875985951744 7.766612858356932
9.08758271720717 7.869956610502878
8.533303828217708 7.755347527063871
8.775 7.7
8.614039575968977 7.780560088770898
8.742035057281699 7.703467225415349
8.928038001257075 7.546457645357771
8.555126786315896 7.79867204843938
8.881677939212684 7.704605254786173
8.4625 7.425
8.514155795024543 7.1797518481767835
8.111402108063313 6.89980842291011
8.932142900632552 7.206433566467753
8.200513965551663 7.906547345909774
7.977416066180206 7.802506161672577
8.175 7.1625
7.576025290303804 6.69105822178112
8.191024914413605 6.764311494412189
7.650645491847267 7.10836702524937
7.765412961829185 7.016572751184505
7.684094977141589 6.9090866325074245
7.55 6.85
7.302798691274513 6.980795037106198
7.768533576204291 6.404869126475154
7.387079033947849 6.899614721842892
7.0898703186011485 6.688435218363719
7.904092309096802 7.065368289360634
7.9 7
7.97499566598149 7.11005584860232
7.865486822514953 6.721998866965062
8.39090916112914 7.27559160872446
8.577643930579411 7.024865522439049
8.452767507412446 7.379716828910202
8.725 7.4625
9.375251322960615 7.767673988784731
9.06810982933935 7.793309727502752
9.038043782199427 7.974255884520185
9.341182713244233 8.16485944095228
9.076791779812359 7.3634608837767725
9.15 7.8125
9.637236624094104 8.340710712270255
9.327160096427644 8.047808653114556
9.121641875896572 8.48070396152002
9.455623666008595 8.212870416585186
9.263635498185149 8.086694598553121
9.4125 8.125
9.31970520147824 8.237550991256986
9.648205361150914 8.29495705400348
9.479689117231647 8.01586624198192
9.948668913531126 8.176697035932282
9.81716828420922 8.392370717982502
9.575 8.275
9.806185478155285 8.36718950247977
9.327319757944025 8.038121647422951
9.651139697000865 8.2738133169162
9.4885442802228 8.45488890838757
9.150811606683524 8.30746761986959
6.2375 9.725
6.693977611693168 9.310972689768011
5.755135629943545 9.435529757030197
6.183435092667969 9.767431709764068
6.576306546883432 9.341025715838544
6.220061067637415 9.689298088232237
6.2625 9.725
6.266913179301031 9.517352831839235
2.5125 5.625
2.671386338380529 5.872034618231184
2.593651013782038 5.610795354397156
3.008490935587234 5.904316764704007
2.175067248381331 5.739796409327777
2.483741953623682 5.513132919753933
5.2125 2.5125
5.510480620222545 2.3408062039438233
5.343353911389578 2.586113494196155
4.71063165484159 2.4611621904510357
5.213191604070326 2.520028874210591
5.2139556709639665 2.337921867675317
5.275 2.6
5.7895447082035325 3.119433960709833
5.357137824479405 2.4963170691386694
5.305344250015464 2.7491512221182304
5.577802392308593 2.4943404584713873
5.249681748042905 2.651383694382024
5.5125 2.8875
5.811122495961121 3.109403314928959
6.287569675054568 3.079485923426259
6.10103306035669 3.292482046442866
6.227693623575891 3.6865992614260366
5.356048320756843 3.3574796388931376
5.9625 3.3125
6.08967143625132 3.5457115368882
5.905549122635941 4.0110625175447705
6.5404014550268155 3.808134864828619
5.88300450031326 3.849001390977508
6.120931526768936 3.2442331735964887
6.45 3.75
6.411726228081683 3.913861608464681
6.521615730811385 3.5113051837922584
6.103573832269701 4.0004016332801315
6.113540807035651 4.139630419314818
6.478226630381267 3.9101945607300417
6.8625 4.2875
6.651993053237919 4.745211086838009
6.870485298780929 4.579293973941785
7.202427090953161 4.25992811468427
7.400629627479125 4.708895118372583
7.439850356975965 4.504722525049987
7.075 4.6875
6.452151918626598 4.60509166123131
7.018808735760482 4.596428290943715
7.042611904392034 4.2909350068989704
7.024327152446672 4.567753216651621
7.314388737649445 4.386367301662219
6.8375 4.4125
6.291382382728599 3.89319052826587
6.260825674114273 4.55761857133447
6.688170709042701 4.286029884432382
6.39368012254949 4.497892639689395
7.011330094523217 4.312156467051515
6.5375 4.0375
6.14518660770978 3.9900838988656995
5.992031260807687 4.147322180281347
6.35787296764669 3.9134191251576764
6.3381585376517355 3.9657854899794565
6.56907478165906 3.39157322530838
6.1 3.675
6.330942206674706 3.461435897362199
5.7242311390516125 3.452435972403369
5.595692155548782 2.917311044661827
5.9502599972018135 3.1455166318713226
6.130612509493637 3.7293140767596724
5.4625 3.05
5.244763411919008 2.802180280771438
4.864571814065959 2.5194556093483356
4.932001018682116 3.302688365424531
5.006734036400638 2.5397053956555338
5.35121730073598 3.3730179987645754
5.1625 2.65
5.075386745962442 2.4459816084325054
5.121094875001873 2.5559891981089136
4.9198939522759755 2.6228303590166875
4.961415950419676 2.8892336183800182
5.2433345771806525 2.4964418659069
7.225 4.4375
7.063352910257559 5.024767618751939
7.021032726506933 3.9244667774634956
7.129685988835742 4.1815771329458595
6.866697192061127 4.642229059360512
7.2578852615772265 4.04811461463701
7.6125 4
7.72230307585959 3.803650388246185
7.98747956845443 3.907650543721259
7.824093268981024 3.762928622069558
7.639552005632962 3.9314121742149717
7.417553158724354 3.852909804679121
7.675 3.85
7.610471832677765 3.8603122091992352
8.173709739840461 3.7305507184454165
7.834453538721455 3.7521331703779572
8.009375114687604 3.2247633648191494
8.13452943284583 3.500879258372767
7.9125 3.5
8.118742891565375 2.909571422189411
8.134739868280246 3.2768044945363797
8.031364711738249 2.467062513688474
8.002428088396773 2.7415119425588133
7.883305315107218 2.7792799631034852
8.3375 2.7125
8.412453952313836 2.5258322642324798
8.263110527043596 2.4005252773168593
8.525845735061958 2.479599817134043
8.527255078002046 2.4749369906922682
8.052867973245046 2.122334217093493
7.95 3.3125
8.023673441276076 3.2651592063425143
7.8907057898583 3.029093218130079
8.19777137955747 3.5471367634898643
7.9004305046476215 3.016587647503478
8.459167086324069 3.2569617278785956
8.3 2.9625
8.916691644799076 2.816271629299476
8.731026328196425 2.433894948253743
8.736205441666067 2.560967208217862
8.16037443849549 3.0863315903575073
7.978425553584458 2.950970138459806
8.4625 2.725
8.196667534658172 2.1463455963015816
8.588070171619055 2.5798522001503827
8.77697647072839 2.3785907921801566
8.4819059815296 1.9976933000847594
8.441255289487232 2.892343225706513
8.575 2.55
8.311730318885246 2.6063008379113457
8.874144395987724 2.065681517925988
8.479205148580789 2.3765809171940857
8.623357382087452 2.2081279765255615
9.045565363565341 2.5313884746775743
8.825 2.175
8.881937650456205 2.3575326041925906
8.96476537711234 1.9802548095409223
9.103319943648799 2.10226991296161
9.199960125099468 1.8362987472200232
9.520054843277991 1.7294116006670577
9.125 1.7125
8.897747130792194 1.5214047797016819
9.134256037566995 1.2169186308158686
9.33554590474164 1.4852224119537567
9.00592904006605 1.2055049964710336
8.669248657782619 1.4714611472999024
9.2625 1.4875
9.437961468770899 1.8675489030126073
9.3926173339539 1.3152438327294718
9.252537447997186 0.9812078992468287
9.27759257382005 1.4530008106752077
9.687427962307291 1.4298338344335249
9.2125 1.725
9.05437513982851 1.7852927691408254
8.820513485524387 1.349520416435044
9.103160234199079 1.7103755495968216
9.252296697004178 1.9550371941551006
8.935738571023048 1.795000748966956
9.0375 1.85
8.875849273338384 2.079747904168298
8.740786340915779 1.816656941283918
9.606242251635255 2.092328211111558
9.222138529358286 2.43412072177493
9.471447695216751 1.5586279780222028
5.6875 3.3125
6.244925747124531 3.3174773740750085
5.433621477312368 3.087685884580509
5.605684142796834 3.100477770340331
5.607818658627208 3.709154741921283
5.677877160440851 3.2819042617432572
5.075 2.2
5.001921766800841 1.711439354580915
5.01789845305917 2.6272142520413624
5.544126545187756 2.4165747129417796
5.035580758656608 2.4336551823691037
5.054942620821248 2.281429583830307
5.0625 2.275
5.401008742915922 1.9938646096695778
5.056030763566445 1.8024400037788653
5.292086208535778 1.9409087615460094
5.131393070181838 2.3557308686852396
4.7354724534856425 2.574083233347899
5.025 2.3125
4.9480153046958115 2.255640972286875
4.8607650073853605 2.4986392467862175
4.511728943431168 1.9648296758055523
4.5387587960811775 2.356184241087212
5.033151103076616 1.7989664245831194
5.0375 2.375
5.1714710560583965 2.864250159498957
5.280454169640049 2.6278393036979693
5.235288760000524 2.776289897153917
4.5930135493214 2.5892062416113673
5.4704607933904645 2.765531913607238
5.475 2.875
5.324390818415668 3.0182521061591685
5.010581689630298 3.2451915283834962
5.389126197052857 2.8536389881170963
5.213059805098309 2.7254814309759494
5.609253452506774 2.9477612064050804
5.6375 3.05
5.980133228606916 3.5125175843324383
5.08627607477355 2.928774494113675
5.874825783227946 3.2347991177538473
5.415554145837788 3.2563773506375213
5.7513378172578715 3.234664818184342
5.7875 3.1625
5.764312120417466 3.2849538382293644
5.84807979012101 3.277199908389477
5.65502702595049 3.84551784390491
5.28898038908174 3.162022228302989
5.849092676574648 3.2740342072824946
5.9625 3.4375
5.875494881659573 3.6931139362206067
6.187709409597539 3.2770983235120026
5.980237994730684 3.398458822760824
5.892654725417161 3.293088188049539
6.202620626824173 3.588684607253673
7.725 3.6
7.809320797913339 3.6328285022845614
8.10461977658634 3.867611849849699
7.745533174340896 3.5908500567186814
8.180667208249684 3.3875665952047482
7.954280948746292 3.8175702067840716
7.8 3.5375
7.672403282606088 3.6446388103981135
7.910689360760469 3.591606176089539
7.719430401027698 3.609456937887186
8.166187003141843 3.5656039603814236
7.849857023913614 3.1851703671259615
7.625 3.725
7.257182918803117 4.093363170470663
7.3213411182575685 3.414950148532327
8.026352455568563 3.952363022849016
7.24014996708012 3.864795479674575
7.265459869850352 3.355664204659712
7.5 4.075
7.574398687539924 4.216151055755223
7.529428996294941 4.148784652130933
7.6659273552385 4.072889587203594
7.4424982253302705 3.514829056333339
7.9500666852765125 4.154124910144113
0.1375 4.9125
7.55 0.425
5.7875 6.5625
9.3 5.1625
6.775 2.1125
3.6875 0.2625
3.1375 3.15
9.375 9.7125
3.7 9.6625
0.45 0.575
