1.2625 8.7375
1.3020300584382232 8.730264439210465
1.596012072095786 8.744566076641892
1.0863288088184038 8.80838392024304
1.285037683138531 8.389412841466513
0.9901358812779104 8.977833957327896
1.35 8.6375
1.4156953071927119 8.442826704673246
1.4394497678269178 8.319126147612343
1.5947637923780327 8.792978037593038
1.8156026930536733 8.737555507313079
1.727582978268097 8.237727415427994
1.575 8.4625
1.684282310200936 8.532111938084288
1.5517609171206437 8.370548962799802
1.7922970840188934 8.300865987440618
1.6820343484342888 8.752629003805293
1.5035578008923287 8.116062126673086
1.825 8.1875
1.5670249349819065 8.20375720798393
1.7845138680901005 8.395791364770583
1.8714453519460033 8.077267222656653
2.001981082529837 8.097544542492901
1.991324702472156 8.13422840788041
2.175 7.7375
2.4303833623638154 7.521830381818177
2.0604203855277343 7.62146391100786
2.252450020271017 7.604875532499409
2.223106134125061 7.635612256163261
2.4379112298215038 7.341217856959796
1.9625 7.9375
2.2842798780050293 7.681797661806232
2.028042312114747 7.893312594659565
2.3684529135887002 7.9034010985054
1.8855885935524235 7.6069945669052625
1.8842484392524175 8.00397362798498
2.3625 7.4875
2.624286492247299 7.27048401204209
2.735627226289769 7.266895304680216
2.555843398592398 7.00603945957553
2.8063855512815414 7.207724058487867
2.597216607625427 7.294320418568555
2.725 7.075
2.8744940246434805 6.616049912515956
2.80374258859147 6.720130281751135
2.95075646698004 6.9652429986648965
2.6537668445113605 6.765947298460661
2.9195584441838975 7.01619140916831
2.9375 6.7625
3.1135618416361828 6.511189425114987
3.119804420256357 6.6679217764346905
2.975107230654087 6.723846153089544
2.788539166202606 6.8439451555244375
3.1084428865530067 6.426267046259255
0.8625 9.25
0.8344134118767854 9.29862790256219
1.007590488536262 9.042388371748507
0.8775880197662985 9.245788142490053
1.0951537686222483 9.458389286285493
1.1548155803657896 9.309260129506711
1.05 9.2
1.360023102938769 9.262493019215686
1.2582154653998558 9.225409112964732
1.0254198909131587 9.173094717742185
1.243209244335331 9.141843142745978
1.0560109642804048 9.080018382723642
1.45 8.8125
1.4107317719509609 8.843627680133855
1.417386431526485 8.612364590630122
1.6748329499455816 8.893947090512937
1.5636426503487515 9.024158998343141
1.4241564974656626 8.923043326333508
3.2 9.2125
3.4276606663598344 8.943850751731613
3.3943818332146685 9.106923333130242
2.9367380963186696 9.190314464182554
3.243585042582237 9.076902023964108
3.363824842153284 9.103527940822676
3.0625 9.075
2.7175209894234533 8.922323508355696
2.941218573708526 8.97167435888814
3.1549133858117733 8.795106203416246
2.815153082799486 8.925837320961536
2.75604386011221 9.123532962354096
2.6875 8.7875
2.6951732403794515 9.039686946930267
2.4507216790010924 8.479982235409825
2.528892603650878 8.779975176333448
2.6221278691656633 8.733266249458664
2.459425146121403 8.566783021622449
2.625 8.65
2.513844766688093 8.455955840625572
2.6649193107519373 8.394685815458779
2.413173592934168 8.339801026686915
2.5915543756721013 8.513240908940896
2.6560029390003113 8.52676077184113
2.4625 8.425
2.516011735302037 7.989634035615633
2.309167853070019 8.258402248143094
2.3435679192974574 7.96901250726174
2.572810195211867 8.393673634374084
2.4436636624392 8.112856984164349
2.1375 8.1375
2.160760508556117 7.94046037416004
2.1054195944479774 8.382150278941577
2.1849800083378668 8.00407016682833
2.1565934577387313 7.961072713243084
2.0703211466563696 8.011965650194217
1.875 7.95
1.6985131609318647 7.509154601709689
1.642318453845681 7.598218975211796
1.553814681500391 7.6927124311149955
1.476171780051922 7.7688753121062515
1.7314967423296543 7.391622496382008
1.5625 7.6125
1.43756992691906 7.322141642175959
1.2893187735246507 7.475161766591839
1.329439039435863 7.451195003309394
1.4654310771538197 7.395535343213704
1.0888195093612774 7.335520075159484
1.35 7.2
1.1767157789688936 7.121588919852502
1.1214149344946023 7.1489334470154855
1.4324247404631731 7.024887677880306
1.0566584624678044 7.063358274781306
1.2343222959897675 7.065561333260834
1.175 7.1
0.9308800403926487 6.925010868611473
0.8556306250844562 6.987237940116151
1.1701441188345834 6.684680458774801
0.6756770271412049 6.8947091430347545
1.3029745824060088 7.025907496748317
0.9625 6.9375
0.8800305857518239 6.786921107892186
0.9096490970809133 7.167023566705751
1.006478879827847 6.855498338742855
0.9559761106841782 6.914024251730117
0.8866999468359908 7.053457234687706
0.9375 6.925
0.8982306246120398 6.987916468704197
0.908315280091546 6.911964202873955
1.000493594992003 6.645817317815377
0.9187970016859607 6.896582939263071
0.8781532708897883 7.074511919516238
3.2125 9.375
3.055953094117874 9.158718086410143
3.1113197648688553 9.196606561987384
3.5054220929953717 9.319288955103376
3.255169726702492 9.571945898708915
3.1537191805259925 9.457410028430221
4.2875 7.975
4.098487813646656 8.04291122549483
4.131897552236883 8.000570617693509
4.480803669898366 8.194627386012913
4.052442019898291 8.241113270225274
4.271606298017492 8.134115628882475
4.325 7.975
4.442462660648324 7.969575880050252
4.334924491053314 7.91999983377323
4.3602447118219025 7.662539805234476
4.488050222851423 8.011827287602062
4.472410344817783 8.067166308248364
4.575 7.9375
4.656255752341208 7.883668472552668
4.649234570672929 8.131933192485084
4.699398274407369 7.837442429947883
4.390049577870107 7.842086672032873
4.3591175396617405 8.18298170944956
4.925 7.9375
4.817449334443619 8.22593190273859
5.025631606184653 8.085943426210381
4.831023491205958 7.776977763562054
4.729487335495362 7.7757788633193625
4.816068563141522 7.976130328602641
4.7375 7.9375
4.538923630751167 7.919235959846534
4.478266485829749 7.719988195625177
4.574021254867876 8.017306150457514
4.765996231088744 7.828141817884179
4.793239399224119 7.940802447285186
5.15 7.8875
5.171276711269602 7.626257204453102
5.180906827190114 7.875374719100135
5.282573958642044 7.930312659617911
5.129688674617935 7.8359527304667775
5.396329363827374 7.6059564978313805
5.4375 7.8625
5.386768226156633 7.856356291928998
5.5564018581000525 7.786436950553485
5.765057736293484 8.004379172084423
5.799535500010802 7.684430105803928
5.5964651815087105 7.884926145922395
5.6625 7.8375
5.703700088210907 7.850104104887902
5.353272147217241 7.921350515250909
5.8294728284951285 7.623425276149959
5.871529792985447 8.158096077647873
5.822660057173294 7.726119343741843
5.7375 7.825
5.89586358605005 7.743730908310607
5.969278862929172 7.809343170041359
5.771706384612097 7.638248836742314
6.159596499341264 7.952465514218767
5.824092769943694 7.661952919026033
6.125 7.7625
6.022861135578006 7.592919442437716
6.130167030623169 7.644376506306658
6.26333644305628 7.79612246150233
6.632571871848542 7.827748557751244
6.424195614922996 8.055763045266563
5.3875 9.1375
5.325830056794044 9.075815585715384
5.380586144466055 9.27906307516908
5.279763423832368 9.231471085358823
5.379595317983326 9.178845503814012
5.500456944179591 9.086596173782457
5.4 9.0125
5.087522423137205 8.934928258561241
5.432255877922687 8.958156398565794
5.766485307972793 8.887997303183585
5.489437529345586 8.870591453977589
5.415716640431788 8.87211649092244
5.4125 8.8375
5.167863297212712 8.772300604566775
5.531265227205407 8.683436705114437
5.378710438806772 8.583590412975077
5.335723745387529 8.659359625363848
5.207258154912975 8.707108280646397
5.425 8.575
5.385035052264333 8.497092600327747
5.233064141595508 8.620490250175008
5.560144597399894 8.777093206024695
5.431125310288236 8.597163274710168
5.674475259409728 8.550839431665896
5.3875 8.4125
5.115705215026302 7.705045291429807
5.292660265332187 7.680757906907479
5.23777158252367 7.937751162947324
5.462174951453603 7.942107553643893
5.274076178661802 7.7017830896788
5.275 7.9
4.955391549543841 8.033239817339233
4.929992646156798 7.657397879225789
5.271372978876044 7.565095092952575
5.265168966194724 8.113254558136845
5.372801077645746 8.176795344898093
5.2625 7.6875
4.916253343143645 7.599581551941296
5.281021847366458 7.593527185037301
5.409715071308407 7.48068815489012
5.063660890226577 7.764187720051929
5.251368407612956 7.59770694129587
5.35 7.35
5.474181614854328 7.094561315596296
5.433444139929216 6.975910855105892
5.113615717759012 7.449515064562824
5.0232059414904855 7.090057670490742
5.136602126266129 7.492121489558715
5.35 7.125
5.321477290641625 7.397544029246733
5.310046133275096 7.100320567321717
5.317143855137976 6.687301436316231
5.386419397954787 6.892097948323628
5.235387484012559 7.014353220215819
5.325 6.925
5.340177596154146 6.565638219029585
5.100051083881244 6.845978081222841
5.446001578556629 6.708568425393542
5.321358975302393 6.768686493618437
5.207278928243057 6.965418497286253
5.275 8.35
5.55224786460493 8.406905500222345
5.384584008277864 8.244815461781815
5.466624414727487 8.16936765450189
5.273239577943892 8.349261325145203
5.228997241123453 8.370569536660128
5.3125 8.125
5.174709998873673 7.992931771597332
5.301065178823052 8.088025684583119
5.277702982986742 8.341218883357005
5.297698068840635 8.12431166284758
5.16090696758273 8.14922110992566
6.25 7.875
6.252183936425853 7.855528419129399
6.173780150912003 7.773662605172957
6.4152782527963765 7.980848498677874
6.403346270990849 7.901069152337833
6.297936907103213 7.8780583782343
6.4625 7.7125
6.4583784757243095 7.791536801577294
6.445988299996382 7.683804692781467
6.446659685372715 7.764120666005169
6.280769692860768 7.660453144925914
6.5614942473736 7.531472089522303
7.7625 9.3125
7.709448830423296 9.354075675276418
7.89916406284666 9.29410862560351
7.811413440574161 9.31028990535712
8.088639692167483 9.310632647689443
7.8024276436386915 9.189042216984253
7.85 9.1875
8.098295633676772 9.191549831165704
7.867994758930554 9.128704152718
7.699372885904812 9.052865628681387
7.5951229963610105 9.072157017508896
7.84661197789778 9.245280319452345
7.9375 8.9625
7.63230667160674 8.918000117964755
7.934449256257404 8.924512252139355
7.947751423141176 8.94760769941657
7.830959632695685 8.749748739072913
8.070603653884707 8.660674174186521
8.05 8.8125
8.058638918295681 8.743153616904412
8.215048276304637 8.868977199805858
8.22901470922417 8.715760518916555
7.956853003402512 8.75148576510568
7.8920818735295 8.60159070761146
8.1 8.725
8.242740420837503 8.916463730819572
8.202622918416424 8.748964019874055
7.833173273550479 8.637101251727993
8.124073981736585 8.754124288632037
8.139862084565062 8.65045243421273
8.2625 8.475
8.511314151693222 8.143005027184952
8.00464443738701 8.485241867030513
8.107617671675289 8.302326046991018
8.189978765299031 8.421184550966327
8.358312448543616 8.266599193679085
8.3 8.375
8.363301303841748 8.306644178838345
8.373769373489857 8.351343476160888
8.464990748608994 8.123775626644449
8.281411135937507 8.248591263057312
8.515294913015289 8.303223188796343
8.3875 8.2125
8.662478842079 8.425757631372754
8.453765290174337 8.39904657276526
8.291999442529614 8.279990853827915
8.405430816473222 8.184601462528564
8.571880519960281 8.313096036614443
8.45 8.1125
8.634764600375295 8.069900384745315
8.4207256205896 8.045669679699154
8.438433357992157 8.120924074589084
8.783185137135366 8.188944999102251
8.549946313431139 8.047345484127792
8.5125 8.1375
8.922079296804966 8.514019401392854
9.0370049099714 8.354295501033802
8.904868366558055 8.175016735505869
8.769083257523478 8.351542099978133
8.493664024128257 8.42912489175499
8.775 8.325
8.609820527848894 8.449858499659458
8.791647405232052 8.466472265182253
9.061354816524757 8.306169827570436
8.886861713623384 8.315393542572673
8.899852182730047 8.445490049836296
8.85 8.3875
8.864344715389242 8.422046052356858
8.618563445608554 8.649480824892708
8.992093931892793 8.490240231420987
9.013624647420137 8.665082500442505
9.120654403437712 8.454750866415296
8.9625 8.4875
9.039537771082326 8.845127676477356
9.299936336267983 8.548954447215253
9.191691045692862 8.665188206837914
9.016531491572438 8.239210957908126
8.986438346133692 8.507425241415591
9.1875 8.6375
9.248644019998757 8.397773754811569
9.25282265996102 8.653947017795405
9.628320920898295 8.607738948673557
9.396361628335667 8.545400628967318
9.386243347815604 8.616319552044779
9.525 8.7875
9.622214102209657 8.848695480030257
9.674171823464054 8.75407624351124
9.679607796974805 8.793110218146513
9.489642161482006 8.742608750201626
9.5753560526062 8.811486606615833
9.6375 8.875
9.717264626743995 8.900747362323928
9.77521383975844 8.734820767590959
9.689391216640608 8.905784233542636
9.687033728700584 8.833715550196501
9.583828174095403 8.901535017771616
8.4625 8.2875
8.688014191427635 8.235660921616963
8.237606322454116 8.09709550334765
8.300071975535502 8.488208799473684
8.244650271386964 8.521257124593118
8.494620332029205 8.612605286847327
8.475 8.0375
8.627970446996873 8.175742183853167
8.225238512766634 8.094438590235912
8.717156769493293 7.939792549426765
8.455813158328981 7.880005425034829
8.500356339955086 8.202764705393694
8.475 7.8625
8.788148348138556 7.6985833630740546
8.10794736505883 7.766728101391652
8.388268742519834 7.673845166119551
8.137511557389013 7.740232591675782
8.797255315851611 7.976330047567265
8.4375 7.7125
8.40073396511622 7.333477539951673
8.609700118620164 7.988042035422934
8.416491774836762 7.604478246231018
8.290807502739069 7.652517641656118
8.242527623216484 7.536763305283742
8.4125 7.55
8.31116455075882 7.529392762131221
8.496031963116897 7.216747937100256
8.395044497551227 7.471249292441305
8.670289891542826 7.627125094101332
8.247772250040647 7.3358218326064915
8.4 7.3875
8.405799807474718 7.3346402519630995
8.501809017309832 7.148116668018818
8.272042429682884 7.223725417164308
8.424012517388835 7.106236383161507
8.236156663350485 7.08953339923408
8.3625 6.975
8.33043975309969 7.115767789407721
8.518694925725352 6.996464501873644
8.314347821470472 7.034095888445064
8.150510841108751 6.598523950094051
8.265616049449708 6.777804989920737
8.325 6.8
8.045687439480051 6.528700257347876
8.544818452706263 6.55764243287598
8.442959511705931 6.575049063643957
8.269882061956705 6.534388722334957
8.281490627698801 6.500977824201092
8.2375 6.3625
8.246190661628336 6.2849819050230185
8.30481185352337 6.065302861075643
8.138387096597615 6.225271277057673
8.429822945832122 6.518543276313913
8.215288856491718 6.321778486936358
8.2375 6.35
8.232955083598254 6.221809796609703
8.190758183184398 6.4387924442029005
8.011794896991951 6.579659374589639
8.244088744155999 5.998456409181
8.288323975692377 6.005811532819169
0.8625 3.7125
1.1492738321039444 3.7411007612762632
0.9273627344715166 3.7916579237732693
1.1497212270373256 3.88540886179664
0.9537285546964883 3.7158329115499393
0.6704363422604007 3.5614692428164347
1.3 3.675
1.4452658329213555 3.480462537922276
1.3573647953449237 3.725996636864971
1.3790661413610512 3.5670923892010493
1.3719703545231434 3.7614148493279282
1.543731618544944 3.967218880137101
1.6875 3.6
1.9581596362857607 3.4952390174633807
1.781865024367137 3.6328186677829057
1.902245490764199 3.706376147074864
1.6563396040238494 3.7283033853708742
1.8679752566756924 3.557480250083576
1.875 3.5875
2.096296656705717 3.3822584452804563
1.7240981112095404 3.7692840409611983
2.0989428974309696 3.8041592795884354
1.948629901637807 3.7147247431216996
1.7424511472453688 3.6199680606709395
2.2875 3.55
2.0695631580818015 3.6509364471046895
2.1103677711534035 3.743924063877987
2.168970714218043 3.49248309508543
2.35212126882436 3.5495394776520457
2.046695427637954 3.334719541648826
2.725 3.55
3.1429824408111013 3.584412156601121
2.8005594919332095 3.543048001979945
2.887929115774617 3.626869216921443
2.77345603305655 3.78023652352037
2.7193637176702534 3.5635860809487836
2.875 3.5375
3.100929098033258 3.5635824896710004
3.099791991159579 3.420997488272988
3.108675126212927 3.5089378147781245
3.1618860185745103 3.4942548910807916
3.3277285266029883 3.229648652939505
2.1625 3.6125
2.3873610204070843 3.326549324911727
2.1914083430030695 3.758891855453848
2.071795276350202 3.7795367827835142
2.0559175557348444 3.627970571755205
2.210647188878977 3.790509544711847
2.9 3.575
2.882133869283799 3.706986379679107
2.9237617022462805 3.575015454477793
2.880534742237745 3.5711402120184514
2.8478027017649206 3.6377060114707325
2.6100221252211413 3.588130181298591
3.0125 3.575
3.328369487920446 3.719511844431973
3.1418229067395163 3.708674844486957
3.1829692919308687 3.512879470648585
3.330747745740583 3.595317529408444
3.212201481546238 3.5176720874267873
2.5125 3.6125
2.8390218520897896 3.7650274226637217
2.3104492430104577 3.5450710154285074
2.2743585120413945 3.7671892699205594
2.55775668608896 3.7899980626635092
2.5502409755571116 3.6364035533283805
2.875 3.55
3.2109810231744556 3.316396085466026
3.3223629940991004 3.4807600432872263
3.5418080300282435 3.546531151736434
3.5424388316563507 3.162943454747233
3.493671335344293 3.587129612816996
3.35 3.475
3.700573579413851 3.4313029833689725
3.1323244765181255 3.3346027547398136
3.4072718945770815 3.6989569139383525
3.4538536087390908 3.785913163096511
3.4616826853386704 3.1801971408766634
0.75 3.85
0.8903599576349912 3.7584113265387353
0.8228851353685119 3.9152365990787197
0.7805476514015531 3.8180550180915183
0.6827120057472523 4.058238462985952
0.49048620360068007 3.747337960675435
0.7625 3.8625
0.6029277704026644 3.5903066758074416
0.8540862979743686 4.040578976972518
0.7801118181231391 4.053914030149505
0.8429540309536417 3.9312850152191907
0.8380972578735866 4.232824149665185
0.375 2.1
0.15733822426634947 2.1848920749314247
0.5992165249606936 1.846216952023535
0.1206576115255102 1.9394500427482697
0.37690216566320145 2.0769399307016143
0.5553048019822824 2.014512147930472
0.4125 1.8375
0.36782218651333765 1.8013006561218432
0.5051615588832278 1.912442065242199
0.3387637608647912 1.8000833650113066
0.4645480544756027 1.9881270733120915
0.38750913169106216 1.790209179574036
0.4 1.85
0.36053020147221443 1.9434030720413928
0.42150319823261234 1.8239779342955855
0.39318161109509675 1.617768415265202
0.3037118521283875 2.2082742478135655
0.3312744351062705 1.8170757155297053
0.65 1.8625
0.8270646434673148 1.8252472306818432
0.733620962844116 1.5960302278018546
0.641782332029349 1.5197544449279718
0.6448570941342369 1.794707207934175
0.8485128086276484 1.68163397752718
0.75 1.8625
0.7155444186267275 1.9827299165608878
0.8098378661993543 1.780879446880381
0.8813137698603859 1.9341544019930055
1.0379197027969536 1.719721095694858
0.5515721972307885 1.8935547129516663
0.95 1.8875
0.7936623076831781 2.0973382533802805
1.2501267436941437 2.176415224771607
0.8328720864384968 1.905117499307798
0.922914826839342 2.02466016535749
1.3073536596336215 2.0311325983578756
1.35 1.9375
1.5266431734258066 1.9750659041577905
1.1445699948254766 1.9953580985789672
1.3984881005604306 1.901571019739866
1.346399501455457 1.9284946625000217
1.439205253987436 2.0346501480125525
1.0375 1.875
1.1345669552550925 1.6347726870183663
1.1254213444951557 1.71369402182668
1.2009138395149384 1.5823548347328924
0.9797668026670111 1.9026037395059787
0.9443562940272636 1.959875420454941
1.325 1.8625
1.5015453238590035 1.8537836189988994
1.5413126320300479 1.6290695704809708
1.5279124432987843 1.9427471421893814
1.4999383607205197 1.852122251908409
1.194288344311834 1.7144234520553254
1.65 1.825
1.6573605098955517 1.771546931444388
1.7004177913974456 1.741884998406809
1.307716605374342 1.7646152642356838
1.7769999099949807 1.8632107387353045
1.6043326000951867 1.694320285719509
2.05 1.8375
2.1198496632068125 1.8690582553963495
2.002403523257353 1.8053930796146744
2.203496616758228 1.8426001817196138
2.0630024406882157 1.8372537768253452
2.0473322761824613 1.9019533241916222
2.1125 1.8375
2.5149993349504483 1.6843882756582318
2.000373705711059 2.063024023557132
2.229294390674718 2.2029454363605097
2.356028115203986 1.8450610951431514
2.3195455207055735 2.0023549287544897
2.1875 1.8375
2.5324046173624963 1.7124024278650496
2.470695557421248 1.7811359653947094
2.434930295302795 1.752621492137409
2.700319636023587 1.7411347939784023
2.314157581249311 1.9929224875087628
2.575 1.8125
2.898008000419795 1.5903208333205143
3.2449670989269017 1.7317595818898752
2.6706708978837614 1.9831054123018177
2.889652699453969 1.7572166273452168
3.0093090399954705 1.4787026215668901
2.9 1.7625
3.0850022540787587 1.8301891196646267
3.1770095732840593 1.5890414780499882
2.9520429874389267 1.7473361893264339
2.9912223145837644 1.7180252687316013
3.045623780979625 1.751089529015249
3.0375 1.7375
3.001063330552136 1.7664158736997138
2.8884943101041456 1.7851627472207725
3.3530607479034336 1.4557553245768802
3.0459671118090523 1.8598996597919992
2.9873365929498656 1.7183385217546814
3.35 1.7125
3.400153428666737 2.0495271567895514
3.4112923111094724 1.7384336348914473
3.4173116183905563 1.696582629692557
3.23358188048482 1.4682065407011635
3.4796549428537817 1.7888593308480438
3.4375 1.7125
3.2403008462765484 1.6372821180799975
3.424022166140218 1.8005921779056933
3.3806918946646953 1.6109848684082024
3.6295744362012052 1.9058244452370048
3.6364303080789027 1.8626174369772044
2.1625 1.825
2.465746588996717 1.6673596450554442
2.0764178388558703 1.7208476043872025
2.2569594827715895 1.6749468181065694
2.3052670202566996 1.7287766361448405
1.8863077930737275 1.5954116816592048
2.1375 1.8125
2.3533014698638497 1.7768549941424907
2.254980984062282 1.419912235726254
2.030212490655141 1.661884111707296
2.4022061812450746 1.6750077927010865
2.442566004438894 1.8266263824473057
2.925 5.1125
2.851339419105189 5.116702283092824
3.218483766144259 5.287289882849213
2.9196878137238924 5.109859262536878
3.0212436231362423 5.1522076063519195
2.882363039370857 5.118297012110529
2.9125 5.1
2.7704196243406014 4.845085763071579
2.8488600053299526 4.722275850239318
2.5896868942804456 5.194332142037111
3.009186984821837 4.956458069037635
3.0212567803959485 5.20372600096299
2.7375 4.8125
2.6998167082204185 4.794127888037234
2.8087947455908657 4.6755117587947055
2.7193907622201317 4.750388939215652
2.6964378010972014 4.870284279641438
2.4877527310133836 4.959649910817865
2.675 4.525
2.6337393867992964 4.5174246978133095
2.8261225331392983 4.436917047698608
2.7956328650647237 4.445521795169629
2.6252767255055223 4.665109306902054
2.6869892541294034 4.684548571743138
2.65 4.4125
2.543191314509203 4.543003935475761
2.6616713221270585 4.192396622278858
2.6897461292352562 4.337542323415127
2.708777381549479 4.625998471385293
2.849619728300426 4.60273910742219
2.5875 4.1625
2.5428114183289177 4.092655944422326
2.531212877593757 3.8290000417929813
2.5036669688112823 4.481681114151579
2.569136332057062 4.119769187108941
2.658755336027821 3.7677508592321702
2.55 4.075
2.5829284913235675 3.9613189231316475
2.5578141976042 4.057827776974992
2.4306579884527864 4.257095908705087
2.6099036668096227 4.07948331016024
2.4524689152899706 4.141074305097342
2.5125 3.9
2.6428539949228864 3.750199684735948
2.4096699481763535 3.724267839655547
2.467414169249435 3.954036227228099
2.4425267277702045 3.6987424346442475
2.630130153492032 3.4303093679120296
2.4 3.625
2.294500314140892 3.5030138632681727
2.3833534001171346 3.272330300820748
2.371089942980044 3.475347674159006
2.0563042203692667 3.7440128283303182
2.57569213563393 3.758034598918882
2.3 3.5
2.493034956871854 3.5822961620766733
2.1905888426736193 3.349487143636412
1.923329163011188 3.5208778436865513
2.077774553870067 3.108170828340697
2.3637142607393082 3.544755815972205
2.2 3.3125
2.1487329412713114 3.2947974218338016
2.154934357090062 3.2677004985243583
2.505524094917605 3.3810288340147876
2.3908944458356607 3.293283433168533
2.212320524248183 3.5766507843707034
2.15 3.1375
2.119764424598636 2.9071178820769417
2.297168246725742 3.093895438286478
1.8045445199940613 3.1108764050480646
2.202708272453846 3.018190019538372
1.9943934226813593 3.303172944727346
2.1125 3.0125
2.367740101640586 2.8207181788846425
2.243373828861253 2.820436306302409
2.2961955721129934 3.107155504928836
2.092442703535096 3.1300346858267387
2.0407578359800316 3.0531525272630717
2.0625 2.9125
2.08483746679413 2.274774929196913
1.7174494911307847 2.5913600006840953
1.8987880708196136 2.264957433038032
1.8527624600903454 2.641857291946967
1.6192282117398205 2.1182918036777822
1.75 2.2
1.7765168915465452 2.2204642338809295
1.6252957815018134 1.9401399532097259
1.5618180690386005 2.0998312878730276
1.8012891383838017 1.8410558444153509
1.976400938521729 2.3130758577652726
1.9125 2.7
2.155749577565153 2.3841892953417
1.6990346782201395 2.4443793721828726
2.1041962263691887 2.566960807542128
1.8860128256551163 2.6707059939281264
1.624002523043362 2.7951410156296306
1.6125 1.9125
1.476633918252208 1.773749165712451
1.320260555479393 1.9643188926521176
1.5336097351026383 1.717823042876502
1.5515789848890065 1.772230614397077
1.2626236606785362 1.5388621314019786
1.5 1.625
1.680366293477111 1.3622064590327838
1.2012669302466858 1.5281174997812172
1.3733707257322316 1.3472077292028857
1.7142879482824285 1.6183022767171777
1.3676350343600794 1.1830053233811497
1.4375 1.4
1.33526185885701 1.2645003354655544
1.3569915675097477 1.6741722809311952
1.4343337840523607 1.2672113248897916
1.5341673852395243 1.4671895461426487
1.4250164626799378 1.3250060761699587
1.3375 1.175
1.3345436308404826 1.1332024531923637
1.468547654868451 0.9293544510514252
1.1832302295420094 1.0277243677328045
1.0572508255412942 0.8337612030825966
1.3802818877379917 1.024133482320663
1.2375 0.9
1.3080856695135141 1.0823921733868118
1.229523214046797 0.8611852191746607
1.3842499320022938 0.7154275188767798
1.5445243221527152 0.8767081857103676
1.469829951765138 0.9892620039962295
1.125 0.6375
1.1211772878663107 0.6222111380743442
0.9532508223492856 0.7494764439742028
1.1711643324657395 0.3455366775236371
0.9669222442376727 0.4733298827776281
0.8300595891885744 0.33292826170691114
0.975 0.4125
0.8337902709277166 0.36386637308932707
0.5687250881132947 0.33396645425044935
0.9529911669107062 0.3396192697561631
0.7728249315896464 0.39277426336516896
0.9070352248447344 0.5928993459380265
5.7625 4.25
5.549617202668819 4.0073374306113285
5.763005843384574 4.253500495164759
5.392847258936004 4.198677963927592
5.66931069274201 3.9868990422411583
5.8140241423822525 4.1665191759243
5.7625 4.25
5.798498655074229 4.274271640562668
5.860088015779091 4.310005628874977
5.899866159516891 4.194512649501499
6.135062200843145 4.457446125061902
5.84337957201757 4.212443804575368
6.175 4.2375
6.361537324982157 4.077423212616344
6.1401864520530705 4.451673833660322
6.405313359510474 4.2488085503350685
6.305988471775555 4.292794714655946
6.071650804958249 4.181731528230508
5.7875 4.2125
5.643052156711223 4.1714460414680445
5.7336270631662405 4.300617331402842
5.9649648817744945 4.306063198163633
5.9087091354710655 4.246909786402472
5.857776224054732 4.0848349459919735
6 4.2125
5.905875948991949 4.479098048763805
5.941296058751996 4.154568797797813
5.957789048597821 4.284905199879632
5.801635471777437 4.3426285437751595
6.118817548820714 4.378216074738019
6.3 4.2
6.538808805173041 4.241552633808231
6.238148112468467 4.439682061403755
6.511131948791461 4.410917243966141
6.482898100890883 4.123005717935023
6.830943977671874 4.191421172471726
6.7375 4.1875
6.874091165883625 4.014323222134315
6.811774536880608 3.8332612686216416
6.89398646544659 4.152090741960436
6.60150777522386 4.16632009376753
6.861441428906365 4.4101487538217
7.05 4.2
7.21629975100888 4.223812620196496
7.255794877706771 4.158030454490167
7.3677659097606405 4.278608712542591
7.241236459341295 4.199277232190954
7.314865750193552 4.219860407944017
7.5125 4.2125
7.843510845336037 4.26002858942327
7.362761302643799 4.248715544693599
7.750589489674897 3.980194179433267
7.589061719334845 4.4448515121970384
7.4683187043373875 4.159856994938156
7.7625 4.225
7.65221592464964 4.243733976834003
8.129137345167074 4.347340311499183
7.95155147549232 4.224868908708431
7.585841354250675 4.28438873396455
7.934208237467978 4.2972301400380655
7.9875 4.225
7.965446881392215 4.422554471633896
8.129647891992308 4.433194065984798
8.172906311458842 4.146518892443703
8.07695367334647 3.9608571033552415
8.003877475645439 4.206080094703426
8.275 4.2375
8.010584264994378 4.254208949696944
8.560359525957844 3.982460561995789
8.354563081179517 4.13853451215958
8.56530459637042 4.233840316891444
8.241457727281198 4.470590804180913
8.7375 4.2375
8.70337668618006 4.2975489094537895
8.774206197563561 4.440755751153314
8.74185140219127 4.237398764426788
9.008266983403026 3.984356365421737
8.882985018856676 4.417439302536438
8.6125 4.1625
8.201021875763887 3.837075139623109
8.191067627684301 3.9594594466309894
8.539622015706492 4.077908496848513
8.757219402567511 4.121292210028146
8.53404086340694 4.272646831042051
8.3 3.7875
8.480873358339744 3.600324671968637
8.115417893497856 3.359560964210047
8.379472918009611 3.9031600809083526
8.30306651890735 3.56769803265979
8.172709118351298 3.777036643088787
7.9875 3.3875
7.661628598384015 3.3034541555763353
7.944364112160177 3.3835119160442404
7.7401137696454665 3.1849887024259047
7.876720998911904 3.2242231090370184
7.903541881000699 3.09010150612758
7.675 3.0375
7.391683023826542 3.0650301159784434
7.430335910331976 2.9818592201568435
7.542470729388261 2.914564241496943
7.573554823927017 2.829617238500768
7.498895324568018 2.9437828447300918
7.425 2.7
6.882321285944319 2.3542252016231187
7.07631701463081 2.2406679466572283
7.253282687869128 2.4156208748728316
7.4316278868532395 2.2608564788578476
7.1804184782751275 2.332703545722559
6.9875 2.2
6.7200770451250875 2.1646199864449414
6.8302812744409325 1.7816303470644101
7.069816817110985 2.2277251928889426
6.708979366428087 2.002734360754823
6.832973369734968 2.1604593300417108
6.775 2.0875
7.024389048556529 2.015715997390751
7.0022735272831245 1.8046357398414117
6.9412407259513795 1.9255663249815114
6.755194288035 1.9065803022071521
6.466305337877732 2.1956144559157464
6.7 1.9375
6.489203282922226 1.6440956563633364
6.427045254148003 1.8739392202090457
6.298590251574219 1.5522020596881974
6.592631492775678 1.6939263163786564
6.618034366877877 1.615939139512183
6.3375 1.5375
6.150887268855991 1.2371623162759149
6.117260918800418 1.3469309565769776
6.39297685666792 1.3351605400767355
6.127069125058378 1.2289278656239375
6.1273529618315274 1.4154409034383135
6.125 1.3
6.05891422816493 1.1072899559641556
6.013791510147525 1.1602029494166033
6.120942950509099 1.3304146513020043
6.028687868353126 1.1605995051548206
5.995846340834417 1.2489645285694635
5.9375 1.0875
5.871711704501076 1.1019882300416242
6.062495308455326 1.0993833591329192
5.920154661471007 0.8500672372575977
5.820418685457125 0.9464379916098367
6.0189294905943225 0.8988594319656003
5.875 1.0125
5.880991826476989 1.0835214060564666
5.775545417657291 1.1006448016260024
5.427491496003265 1.0534373112127966
5.8604553576758205 1.214257408487697
5.488105935693267 0.9493973076771013
5.7625 0.925
5.592705948746362 0.808445176881554
6.030981670732773 0.9996620506151175
5.661876543118514 0.9147584811587862
5.774892826715193 0.8541052587304705
5.570778171602167 0.9369533369167783
5.8625 0.95
6.364387070887899 0.9354617829324241
6.3232418090952125 0.7803093019374643
6.267772158480392 0.8716986385998495
6.4319869124565425 1.0075458890417224
6.585948210878709 1.2127471965839618
6.5125 1.025
6.719388543689623 1.1166149879534744
6.4947651984643375 0.8177691355451302
6.722480834505204 0.93285913829272
6.678446842926701 1.0116187308873976
6.70654139557368 1.3011351315873214
6.7375 1.05
6.855360455749081 0.7832354821032894
6.796826695322535 0.8928174731544886
7.055309221829164 1.0051403311640228
6.978686980178897 1.0852343866107135
7.0868578656898595 1.0954320186440996
7.0875 1.1
7.405917359684354 1.0386903612289615
7.115644196869228 1.140428789077994
7.172847431736964 1.128733633416671
7.279591826059688 0.9543248292228682
7.385676818115082 1.3827926362469398
7.3875 1.1
7.732086536658871 1.019087089305171
7.91510381350321 1.1622842157905666
7.6916343682840465 1.089477741812469
7.702176476800021 1.1252058983029116
7.979216507856108 1.1239322433350423
7.7125 1.075
7.841735613555644 1.0993598397622406
7.907874205863888 1.387601452107782
8.07768208546064 1.0152475328955064
7.852162304545752 1.0841422695953937
7.835060393931764 1.084089071478114
8.15 1.075
8.214254214101267 1.0750161788486623
8.329832233513535 1.1465336889236766
8.257757628582253 1.0359989908200888
8.435028773967064 1.3038939185827487
8.278152812396153 0.8927914641637941
8.6 1.1375
8.621988289592947 1.1930596128233304
8.95530395525969 1.2555000052594694
9.054685450071908 0.9005748918065365
8.869082324713684 0.8334334681607103
8.829634245955052 0.8886487135224599
8.8625 1.1625
8.779666651492906 0.9019846412143238
8.896552757549511 1.318293736325849
8.695558653349645 0.8954396823627988
9.102638502080156 1.1204472799177096
9.084091016427493 1.2631924140223092
9.0125 1.175
8.85879588129444 1.3959899222268803
8.949334702941792 1.1750303147582144
9.156889143013547 1.1771004223176547
9.07331271655676 1.2616691329278666
8.99411712625036 1.316639221174094
9.1375 1.2
9.10179551094317 0.9376657807920438
9.405820499349131 1.189982781680905
9.272251378230305 0.986761897970051
9.334055768404955 1.1706061099796927
9.120380310197431 1.2417198543565646
9.225 1.2
9.14309448225381 1.1700831754015681
9.489707257583264 1.0145220160338269
9.403611334696112 0.9096504396033268
9.34788266210443 1.224602986725087
9.254015567542863 1.2579842171879634
7.125 2.925
7.134585184509786 2.823780513067932
7.3116683736299155 3.232110661052886
7.137323259366385 2.925318815618449
7.022222311521746 2.6232651480948648
7.1729659957465115 3.0856896044861157
5.2875 4.2875
5.34189282223368 4.295490140105713
5.653685391349171 4.3254549309423265
5.408608933654169 3.9693546336288166
5.248731482036698 4.157456629326047
5.1452663977700706 4.202525202287715
6.5 3.075
6.4596895612080445 3.0755256493733922
6.673656267520239 3.001091532935851
6.496770078830641 3.0332317729724307
6.50474781429335 3.0268126183270794
6.413614367075868 3.154453285693279
6.525 3.05
6.671089976004344 3.2716813226563604
6.299522331367227 2.7578982709094846
6.77741366403121 2.753883253963788
6.536132137688275 2.7920895360802023
6.563622447446379 2.981697933777771
6.8 2.875
6.833902285588482 2.9473066918613027
6.677700042989296 3.0962047686547636
6.862202575527438 2.813044002967165
6.565267415093902 2.8158362708231452
7.139519847804374 2.6511782419567114
6.9375 2.825
7.031062268117404 2.8094735932700474
7.286356434178009 3.0312978574662424
6.864660226912767 3.006461778977821
7.12037040569204 2.948037636002188
7.04698864445812 2.5207053625974836
7.5 2.675
7.690004672868777 2.3485810577348842
7.5245204233367335 2.650106724855057
7.724474435198975 2.3903242882440154
7.34470308430423 2.6514218470997095
7.692250341314455 2.9410768412683366
7.6625 2.5375
7.925477250822678 2.5305093353318155
7.71867724906063 2.774377760679178
7.786350444107347 2.5035624733938477
7.462205747245948 2.629840627763781
7.680752170482036 2.386983826629978
7.9875 2.3875
7.986665723009669 2.376434521970542
8.173968240452625 2.2072120320006974
7.988344072002107 2.4015528950242624
8.023900095246203 2.4210481107010127
8.091433660172763 2.646773394849011
8.05 2.35
8.094489579915559 2.39261452868093
8.089294312723785 2.3056460044072167
8.368190020075598 2.256302818663214
8.227827901478646 2.168602529505942
8.098822760327474 2.2275396586725007
8.2625 2.225
8.353642230225878 1.8944571777581345
8.537849951638846 2.334269415660091
8.60477444071064 2.330805897110106
8.175102910341522 2.194978768771493
8.346897078195449 2.321234256995781
3.7311313566338034 7.697393660937253
2.972305820420964 9.83675056501925
2.2274262399991707 2.9412740916455626
4.675686387289146 6.734812932847969
7.8308702429757755 4.370331819818258
8.560739144431231 1.2168200867034717
