1.325 8.45
1.2748148485053055 8.430836007755959
1.3957140886311972 8.46347978484163
1.5917601298925765 8.239618875580726
1.3741599931065733 8.55917835186575
1.4443432681277504 8.423160185502761
1.2 8.225
1.0803461419349383 8.10623307811326
1.0347130315622732 8.106208631681316
0.9331751446345062 8.219600666196406
1.163100254375371 8.18454331940188
1.1559047464236456 8.368181270108659
1.075 8.0875
0.9996162559031083 7.994823850954606
1.0507356714933838 8.012229883565961
0.9638999537912681 7.888888428297568
1.1273236865825111 8.043037468219985
1.0412442974673863 7.739123630977923
0.975 7.8625
1.013850782264765 7.963281722663763
1.1589171918773011 7.975873675810876
0.9288328125254859 7.5564595509376655
1.0872345253664322 8.087798627408109
0.8829583058883503 7.787897556336196
0.925 7.6625
0.725555638247666 7.628437395462662
0.8809889923113655 7.616449716065685
0.9624638117883672 7.321677534090244
0.7705250596367792 7.694920856636213
0.9950698872784465 7.547556504728719
0.8875 7.425
1.0016373768139715 7.537401827506142
0.8900188679485728 7.410517477890754
0.7118838698956885 7.358957471335557
0.9825635828985128 7.663827574838981
0.886517490163669 7.3974202096461905
0.85 7.1625
1.1604370462514806 6.812963398099306
0.8128025304514874 6.887242849105263
0.8136935423292554 6.887366318186812
0.8056291839581998 7.181860903435188
0.6879772551419395 6.6642849847792265
0.7875 6.7
0.7902810501555085 6.578240172779178
0.8486400897420772 6.785049285030672
0.7864491837690473 6.507876691912872
0.7934823764542653 6.41485272734227
0.8486202398526783 6.463603787009047
0.7875 6.4
0.7784303379753716 5.866496627325206
0.5848125150144746 6.163982692346471
1.1862054943928582 6.29406031978162
0.7039172773876345 6.1015019577051595
0.8665965079690408 6.1969871124853455
0.9625 5.9125
0.9879358540188953 5.641212769954162
1.1645856239375136 5.688426034467401
1.1186830201403293 5.816804489705159
1.0313905987209984 5.743302649321211
0.7121869720953704 5.597193606405946
1.15 5.5125
1.2924536068384131 5.574442338976988
1.1723077424659583 5.467616395902923
1.0584169222622322 5.321704885815788
1.3972802791768733 5.168653474798665
1.075118888066901 5.593835942395098
1.4625 5.2875
1.5812917507897999 5.203833931494909
1.2622392428259221 5.284753515284491
1.3895600414500255 4.949186389771193
1.4649918885212807 5.3044744207418555
1.4432520400142443 5.292725988226801
1.6125 5.25
1.8874319133303668 5.124060739566194
2.1591278485408014 4.879287845109674
1.9403429821329978 5.37746941620476
1.9055157988442892 5.177583280774395
1.777079628796426 5.068692052304922
2.1875 5.2375
2.3452773386229784 5.38769906600331
2.14980182333575 5.310016289405566
2.1230319301201193 5.3596243725664205
2.0486790394622685 5.413747162064189
2.1881655734456347 5.038993495073176
2.6625 5.3
2.857499382259858 5.523322420213892
3.033911484372645 5.650740814584289
2.6817711815758 5.363387315259035
2.9816903447981273 5.69474391415031
2.7089501505295197 5.770360949472635
2.9125 5.6625
3.228682732953969 5.662943308284982
2.669332460683255 5.929734730222202
3.059520535663112 5.708177320539779
2.7431989829501644 5.7688140672738
2.9953352159033284 5.539884641483738
2.9375 6.3625
3.054422556647205 6.203272909812071
2.575075381093094 6.346036556662606
2.821668934969546 6.240701751421904
2.948957725227236 6.649601068907674
2.759024217074624 6.482000719343866
2.8625 6.5375
2.5104265508159562 6.943881160079445
2.5926526456272874 6.472440550438691
2.7356339736184085 6.6341677974856905
2.730843249684489 6.6568066688733385
2.9436267420532336 6.834498461960164
2.675 6.725
2.5133293444969182 6.88471724057664
2.3198237505856527 6.941235808055507
2.2177526907995406 6.97743832936508
2.456827569928445 6.860564097096825
2.2250374104302795 7.164477969442172
2.25 6.9875
2.1289134993226133 7.011755526376244
1.763928746676346 6.932135927702649
2.161833725399355 6.958797719781025
2.038336095514437 7.109522161753472
1.977422706555193 6.911738560261187
1.5875 7.025
1.0223205347396653 6.857191564208184
1.4108843566779827 6.82212688150634
1.3002642695762714 7.299968106547061
1.3759195548492857 6.975414423065397
1.178447396177146 7.188068430860814
1.225 6.95
0.8085885321281421 6.8946876045271335
0.9777201004730385 6.645277599403815
1.0339814981123128 6.883108860787145
0.5637227044193835 6.763205814188316
1.0123864389575694 6.645187882409369
0.95 6.7875
1.1081766471499974 6.820319807268999
0.792334332609846 6.727189632087876
1.1923921418124754 6.838462971325323
1.037817610320372 6.809937420828629
0.9963730768973749 6.804807113347678
1.225 6.9375
1.5782552376347514 7.155552113373327
1.0287847174907205 6.987780189807793
1.097399633845086 7.0937961223739565
1.3395139825714215 7.067777680738838
1.485904781154457 6.881705329767473
1.4125 7.0375
1.671503011920113 7.270043163917191
1.9922188627257804 6.99656748041825
1.8613967061070837 6.930502529876537
1.7179142441146342 7.103452722726206
1.920297246208121 7.117700295274692
1.9 7.05
2.349373086253668 6.864500440698198
1.7436923769452146 7.164976475896173
1.9019131599949315 7.308375923301478
1.9383686514279326 7.115707307932849
2.1398255942106124 7.069140516601186
1.3875 8.5375
1.2179256497941024 8.723407784533379
1.5624671498011282 8.326954812809397
1.492609523582849 8.540105712676294
1.1590083406154743 8.74399932733346
1.3923646751813379 8.612071906739237
1.55 8.6625
1.417010304874298 8.555485143659613
1.370557413074115 8.792050833630398
1.4852389360327545 8.697089598564695
1.6068560575771216 9.00532387924613
1.467899572556624 8.423724270754608
1.7 8.675
2.054432050719635 8.416371180923521
1.7001137692954642 8.648606111144927
1.9346988005822332 8.80238535115696
1.884544490413178 8.732487333627818
1.5777376357352533 8.768786463903727
2.1375 8.6375
2.1597896847238696 8.639247311263212
2.206320512753769 8.869341056909473
2.399790730212576 8.6471079280237
2.271908146872476 8.864881093294917
2.155374398846318 8.658023007575782
2.075 8.75
2.2069983573440988 8.476303762253023
2.2578054418958597 8.755846307106365
1.9435501070360128 8.726961570252332
1.9505346222829232 8.658640554404816
2.2666439565025227 8.39102196247217
4.4125 9.5875
4.341805138715229 9.85215134446241
4.563093909263251 9.690677267736513
4.358275804128263 9.822097514328664
4.741899912870339 9.553102675983464
4.3976557516302535 9.43348453930382
4.2 9.45
4.042588297393751 9.38962627513241
4.489130389816401 9.442841316768188
4.276404859642782 9.582597625891884
3.8311175881428072 9.317864320062863
4.245992806657081 9.520029127422934
4.125 9.35
4.20395417324117 9.04871605897861
4.3491161642343314 9.236041643039368
3.9639995330546953 8.932652197834868
4.291305826612846 9.053772888087057
4.256567982477777 9.189101399162087
4.05 9.225
3.978019161181655 8.939743295891864
3.901226569850111 9.26899673537027
3.924663418783504 8.863987622917483
3.9235177479567342 8.918269090013343
3.7948624510732616 8.986078938291799
4.0125 8.8875
4.029476800928001 8.888804964584747
4.10133856067603 9.235755048073422
3.9009319688739006 8.831893391977717
3.9772893603329704 8.919165634773302
4.235844489076319 9.146352933403605
4.0625 8.6625
4.369225505821007 8.495090802357897
4.079920041176123 8.546371504761902
4.288311061887232 8.391822103040084
4.124711945702943 8.56804858215931
4.283208057878958 8.497183928972735
4.0875 8.4625
4.104088255177539 8.345612649128942
3.8502173978528176 8.146187140046882
4.255013849142482 8.317746499154707
4.082966846333221 8.422509256617428
4.078959800838053 8.393577326355308
4.25 8.1
4.455945445294352 8.101641182609768
4.521742137442107 7.69751575806257
3.975686840044701 8.115788107527207
4.266863327606389 7.70594556228829
4.269342630647976 8.032776405324437
4.5625 7.675
4.437622513410327 7.686720586663384
4.5187166454061085 7.536282421711226
4.697402558011003 7.669971545514177
4.933309917535562 7.695144070895465
4.476145608677343 7.7659624968015475
4.4125 7.65
4.35717977265056 7.14716092910299
4.481555208891725 7.244806906353818
4.574334176080871 7.576404993791138
4.234135340995997 7.148257444761837
4.515990570224188 7.361477182568531
4.675 7.225
4.71211324194496 7.159723929897995
4.589196033447105 7.516044398134459
4.570655448058742 7.197198888994734
4.649134164742748 7.116058758918543
4.735174909165219 7.128221395217747
4.95 7.0625
4.859258715850132 6.853826472719016
5.0377718596415715 6.988231861652724
5.118156281804718 6.770724093548415
5.260647134683175 7.03716260572398
4.746701730039672 7.026939701718507
5.2625 6.9625
5.868179925605447 6.962807462657108
5.313239262412955 7.072313572791655
5.453973325865969 7.113288518187554
5.874855479358823 6.877531268553002
5.767553135802864 7.03731836670579
5.725 6.9125
5.983249763333599 6.836505016674837
5.968845100695354 6.935790372895932
6.035479974142111 6.929741156249321
6.231681217432681 6.758154722564842
6.098092237308585 6.992599558796824
6.225 6.9875
6.268937808045836 7.16101769153259
6.350432720134451 7.075694291223465
6.339699702254349 7.136982167579762
6.093840451175639 7.361394019806556
6.6171389819568684 7.082293205285613
6.45 7.1625
6.5435114391523825 7.420949112794979
6.754832354463273 7.541388088051003
6.573245073491061 7.349205895877271
6.822147149899936 7.378320552217724
6.376270444420118 7.410438930986691
6.6 7.425
6.629368480210192 7.679317570894257
6.5377860283496245 7.393919812175591
6.658199406336647 7.5259272523684615
6.670604839278806 7.578201242532543
6.494995178818374 7.554964849168973
6.65 7.6375
6.302487170779335 7.849738436203862
6.5717338237378495 7.867547559493284
6.685276686710681 7.507896335580824
6.767247398323995 7.419312312522917
6.730980350259247 7.754628611640152
6.65 7.8625
6.610783284356063 7.974636186463651
6.4140487620577336 7.984559884853235
6.639500000191535 8.256529891131821
6.650233624607216 7.970999646422354
6.903582371540113 7.7442427181250135
6.5875 8.1625
6.142636010795224 8.503330816252316
6.3873587480425 8.289490287533111
6.3749176440013855 8.430112681742287
6.249519286625294 8.41411110485964
6.083919529378741 8.089205497654657
6.3625 8.3125
6.125984086463765 8.299771783386962
6.064365266332311 8.610698240750247
6.3072365864907995 8.380043154676567
6.255676330088295 8.423279957489104
6.209507186088464 8.365283335430087
6.2 8.375
6.077855184767399 8.784463240437983
6.2451525408190784 8.587622400994466
6.206434615944902 8.577813075620103
5.906402717680698 8.51453604570429
5.711215300894631 8.536901953155711
5.9 8.475
5.770864598465144 8.509157643776707
5.796857369535106 8.408862483269484
5.634892207479803 8.332878379355748
5.81564512613799 8.405071130641558
6.0532370875179 8.47410776925219
5.5 8.525
5.271416855679961 8.540654707037646
5.211742431607287 8.317473231118552
5.497666040923944 8.709113630310952
5.221663401880616 8.392767760997032
5.386730013310046 8.766724013377404
4.8875 8.55
4.658666055870094 8.624851407534662
4.742365370667033 8.57397929618105
4.998112021043207 8.699311912000912
4.892590193891404 8.264459048985502
4.68588066822083 8.546833246633799
4.55 8.1125
4.659062039387816 7.855727755675581
4.253146975471119 7.934149450022237
4.499818827775462 8.10736411363765
4.460904148110144 8.163409156003791
4.220027335965116 8.236950608973554
4.5875 8.225
4.497328407206245 8.051050554506572
4.3422290669751105 8.371108944520305
4.653494389193064 8.315343690297418
4.807814284014179 8.068137278640979
4.517678702255032 8.418499039666068
4.7125 9.8625
4.5863242424010116 9.52019670925952
4.432283757334617 9.796856702521586
4.6036198470895995 9.981002799474028
4.954221406383832 9.819327832142621
4.9875 9.975
5.008419480391622 9.984168241616917
5.2875 9.975
5.2244532178005905 9.80294093973907
5.2846574920035225 9.966501909654877
5.005593885049721 9.708107310470492
8.7375 7.2125
8.51988753609471 7.062425980340784
8.78840702970146 7.247750329881647
8.658844064294323 6.9935128335712
8.460626418360494 7.377130200989777
8.63671568128744 7.420113953227711
9.7625 7.075
9.70098497902135 7.37471438884719
9.664601769289648 7.30315356800377
9.94552455366312 7.134707560372847
9.713864611318678 7.159007076264283
9.966339136225102 6.932761451835131
9.2 7.125
9.091724051678067 7.468279506962313
9.113706466964985 7.216022089052015
9.442668627067903 7.176659178439101
9.399613751910504 7.062650644274609
9.162354664659578 7.152465301391734
9.125 7.15
9.085300618001586 7.204632117641609
9.270317501155713 6.944794886724807
9.135018126954842 7.4421869751236525
9.032884178874935 7.156207051049742
9.023896072188597 6.920892723940829
8.6375 7.1125
8.361773033773805 7.374062743578572
8.473799065555879 7.063299723028214
8.465058868298861 7.074740917168739
8.444238356087604 7.1017212593298025
8.455792106333394 6.981505371746904
8.1875 6.975
7.993022837856957 6.856228301458842
8.170641499694359 6.914386439447472
8.278533955786614 7.003001376202894
8.137507085289917 7.013186943526546
8.017811068784756 7.024176973690713
7.975 6.9
7.880498725269722 7.028995548776176
7.875194912856604 7.046919979458316
7.5790110828304975 6.821176020354287
7.820584060567772 6.902838427225402
7.963934853095097 7.003717410643245
7.5375 6.5
7.631478058895311 6.672569352448628
7.242313169146579 6.30453138611067
7.596959055421005 6.178178841101193
7.263193312105727 6.043971651759653
7.328974553832549 6.079025488332899
7.425 6.35
7.444077484015916 6.23517827651733
7.440059869145722 6.417605862937412
7.500232339061872 6.348977837754606
7.1371226381205854 6.2069092882315315
7.449157055934504 6.21544899371189
7.4 6.175
7.438771120469491 5.767440282307076
7.6867655524239655 6.298297795996552
7.09825960617886 6.046913907079763
7.479878341673325 6.0831394925636015
7.470148460931334 6.332064624604481
7.4 5.9
7.3001571698881635 5.552040427513505
7.236567032193683 5.66678922818615
7.535087600336489 5.898291287302329
7.448956496698794 5.618062205764193
7.446935353186771 5.597094859775829
7.425 5.5
7.333119826402475 5.54699328487729
7.416909390242809 5.439205608497085
7.460575804597416 5.345534361826741
7.23114834485572 5.353031128912202
7.544993442953865 5.480054465211877
7.525 5.3375
7.913478564915107 5.240018744978875
7.5278024881855545 5.100433362305415
7.635331747149992 5.085940381234281
7.7843566784373595 5.165721539964816
7.940027133220229 4.834282779101429
7.75 4.9875
7.807620135768479 4.9308320051785195
7.550429771322652 5.103140763445035
7.775983711585901 4.915918729308625
7.7822431414622075 5.013373653411054
7.730720726410186 5.018117201578914
8.05 4.8375
8.097670266512203 4.954575133760273
8.211676731676686 4.635376881996217
8.161835791248468 4.850994834343501
8.148818955468572 4.461757977765897
8.110402599790593 4.548422498452163
8.425 4.775
8.60233240589473 4.790046641734844
8.60814227816974 4.598216725437594
8.77036666780042 4.58865516692358
8.59408011104656 4.790625717987117
8.69163645300046 4.800438655808443
8.7 4.75
8.78747827122621 4.560470055232116
8.5901247036908 5.0597670042823415
8.987733621628015 4.727812556489999
8.95432574180506 4.9204595397035655
9.102489091966005 4.854585002852493
8.8875 5.0125
8.608267677363822 5.222153246716094
8.940277833812921 5.01949771089967
8.952710864546265 5.034967079027062
9.161491530585195 5.231809580081276
9.20840050898727 5.034476083711425
8.9375 5.325
9.002754530290101 5.138338033088602
8.851174811854815 5.468559977870193
9.104219452268241 5.107194980429319
8.926989922453696 5.357235422042175
8.964417143033886 5.440621197572057
8.4 6.9125
8.069841568597177 7.008967737865634
8.417134808837103 7.030881566335782
8.133841631181426 6.730809150314724
8.449112598954006 6.9635922291606125
8.422142942201456 6.9064328327862725
8.7 6.625
8.709630825557438 6.893111465524815
8.516511106974798 6.436042710290005
8.641688642395778 6.773027495443538
8.619232793822992 6.916109291444778
8.432805624124095 6.468697522476683
8.6625 6.6125
8.50547341929803 6.810517628787798
8.606763100929994 6.863885154794611
8.661048146683276 6.562902309212397
8.69405710581062 6.6431629752057235
8.86729688386046 6.4922718141915965
8.8375 6.4125
9.18200971282831 6.206134624277037
8.783506163039055 6.352221460108661
8.94435258964673 6.175444255784714
8.750831322624434 6.528280887266907
9.14869383258588 6.405562344795138
8.8875 6.2875
9.036971196280083 6.3243736435712
8.865569886118818 6.195175451601612
8.84193987409423 6.249749159872694
8.795022523314692 5.970166411163399
8.849209863315421 6.241153784980833
9.0125 6
8.753514391054901 6.056629584398414
8.920422543928815 5.9534814722008385
9.14670287856853 5.725459634595547
8.966363431776582 5.843934462216488
8.838317650739443 6.082906322098049
9.0375 5.6
8.800965639967806 5.6751030871920936
8.96645685019364 5.7293793315976576
9.051401205582916 5.875439933677794
9.054071711213922 5.525408525181183
8.931024891136317 5.404955469714712
9.8625 7.05
0.8875 3.9
0.7498291737341228 3.5326770214493237
0.6883132407713354 3.8659775639448903
0.9079145960803459 3.80125519260016
0.9944238986932344 3.7284111924670724
1.0238929078351977 3.659085057762679
1.1625 3.65
1.0360622198206308 3.5040028789458857
1.0185750388958443 3.8805204762123524
1.3750929608196347 3.6576727954115698
1.006235379928327 3.764287707196504
1.2479451471742715 4.011059321225497
1.525 3.575
1.6376661452982684 3.482336297491527
1.5705936010221355 3.4259751991128495
1.8038648619060935 3.54832880322207
1.5596860776539465 3.4639666681760715
1.6503336717589974 3.5101235068286827
1.675 3.5
1.7259570757839335 3.301307615923315
1.7376093346294723 3.6125457466652042
1.9805966264608657 3.5296424131031388
1.8706494176946418 3.5317582913436127
1.7301988160581314 3.3281982788498468
2.1 3.275
1.9732747501575427 3.164140476592441
2.262733595783624 3.427745373605968
2.251220338727029 3.551392113280579
2.1424278079870245 3.1437793050014635
2.1427770228369174 3.2445099859824764
2.075 3.1
2.1208328086627763 2.89427394024644
2.0420609547668374 2.812126119358055
2.360491160123728 2.9309164265194583
1.7818401219263549 2.940867511827972
1.9495393182424272 2.827160639859592
2.175 2.85
2.24487805901226 2.802178846224281
2.3203689443800903 2.442216220914209
2.173746807987922 2.7804223039876677
1.9413887464521509 2.837094527455643
2.1662258476276253 2.7694821047375013
2.0625 2.5875
1.7752045731984185 2.6611042910809233
1.9871701059856939 2.5641110134729033
2.0544860898384814 2.4445445401986516
1.6622762194339298 2.4681058850797326
1.851314136977578 2.775025533249773
1.825 2.4125
1.8261135514005016 2.3839578747486696
1.8867396964160985 2.4422703328004913
2.042135801514451 2.189575577279382
1.821523857985229 2.22443045087883
1.9014818254017876 2.2726861054448193
1.4625 2.2125
1.4871724165896771 2.0756031348340542
1.1257562411198403 2.117271883921653
1.609610128512207 2.2599557415896983
1.2141513380176054 2.2353771950846464
1.3117527984606068 2.0869135595387847
1.0875 2.1
0.6240396795380241 1.8053005208901383
0.89338108277379 1.6931560243105594
0.9731479504793331 1.9204286601005962
0.8203268830217304 1.8426353635224841
0.9230935851054138 1.9518831136864236
0.8125 2.0125
0.7926091807429655 2.008083986238239
0.6538471610847718 1.972476680069215
0.8235654312400535 2.2501661958781427
0.795813249856559 2.31054522129854
0.8238996624854888 2.353754808866222
0.6625 1.9875
0.08725357002788918 1.88656157097995
0.17175989713852402 2.0114565868336727
0.36995554252144325 1.875959583541406
0.4544219490164192 1.8735721945303196
0.3599032743542049 1.880420074268865
0.35 1.875
0.4401270358232707 1.9870600280173334
0.34370676949245377 1.7655823090787437
0.41044083956194954 1.8153885058110149
0.3498710265965093 1.8750185376064479
0.37078341670588677 1.8625194307020991
0.35 1.875
0.520359547031159 1.7598426024734295
0.3561188162906119 1.7578071502227488
0.15531199692764724 1.9590092969818174
0.21941359793299328 1.5852562748197314
0.5989006562106693 1.8206593671049092
0.475 1.7875
0.5424543889714736 1.7474374976880853
0.6364949235921229 1.5214368949505612
0.5678204297928099 1.5948169872847586
0.6653194763881168 1.7219482408171856
0.526899096937252 1.8385392425773517
0.8 1.55
1.3589735038574662 1.332758305141428
0.9074131358211144 1.220250393087086
1.2946202972113177 1.283645445211441
1.0000876272493504 1.2128544203486071
1.1662629539475478 1.1158111130317976
1.2125 1.1375
1.1150702106034178 1.3230666099076032
1.0187206963090614 1.1904779831666374
1.206152629089245 0.9689141913714792
0.8953736295790335 1.13654732753362
1.2564755498701936 1.1317759744678226
0.8875 1.45
1.327145077330455 1.5000401911988093
1.2347909110171622 1.1088601493167374
1.3674549336363255 1.1238309521047753
1.2019333695779468 1.3580308969022468
1.2734218432831765 1.471320041458209
1.3875 1.1
1.487195165678513 0.963399454169253
1.1962994372623914 1.2751472992676411
1.4595203650729025 0.8289462894990578
1.6011060736558569 0.9296495580464281
1.3762645549640813 0.7036961100879239
1.5 1
1.4083766688272683 1.0141686487375423
1.5657809636215871 1.0385838744046296
1.42786433401282 0.9923731762320983
1.707038936093501 1.1190322191105124
1.5481000812829158 0.9914296546865387
4.075 4.95
4.197483780049096 4.934751064236508
4.057820522262334 5.166707367835695
4.048413128166515 4.89133341875256
4.085441612619199 5.014437554479809
4.194121538802966 4.9628852175594025
4.3 4.9625
4.298042606361824 4.725572208787094
4.159462405969148 4.66527561805487
4.574280756368379 5.026688742452486
4.202181620650174 4.899249911620606
4.17112766734508 5.120459525972484
4.7125 4.825
4.43342155159572 4.943311030267756
4.857941109356199 4.895496519077108
5.050733425757272 4.692807865129582
4.739008898095128 4.831914238458834
4.703267301464477 4.73754084130952
4.9375 4.725
4.84371412685333 4.462773761360294
4.869162182820251 4.826310858687848
5.19135565745219 4.557279682579596
5.0275182915405034 4.655969715486011
5.14373148783252 4.523453348836724
5.1 4.5875
5.25285300560946 4.524656094763737
5.215349762511129 4.425062557424837
4.918223036456371 4.216864688664332
5.078091802710236 4.08349452664112
5.423726446905305 4.325037518248289
5.225 4.3625
5.338651984473481 4.384275138064955
5.454930409375437 4.559110983581436
5.166280077184802 4.612711062410546
5.261391469956924 4.47875419639767
5.143050597787975 4.478960177927187
5.3 4.125
5.10065835605205 4.287947891230146
4.964434853541747 4.020609718659671
5.224831568437063 4.07932022519642
5.508758177555263 3.8966322635326343
5.5898638172971165 4.265692707371096
5.25 3.95
5.067495251148926 4.162109200029084
5.349280769679945 3.706809481435703
5.254342425993629 3.6893149378263708
5.06938441054848 3.5913788728987193
4.918577838328444 3.8673033787369184
5.15 3.8
5.252509565252663 3.5831833277223835
4.9881769534311164 3.950605797660541
5.26044586497582 3.698706291968142
5.293206793349962 4.0444460317143625
5.089914187126481 3.6093829092644762
4.85 3.5375
4.724584422770436 3.515304647814118
4.782027588069392 3.427389149186067
4.8960543423521425 3.568976267158945
4.8108208480309305 3.156796363979552
4.752596416101549 3.4261267705505163
4.6 3.3875
4.326475589371225 3.5869371780255945
4.321589556690555 3.5247115617510034
4.021872886880805 3.4388099645594963
4.1044412902832565 2.9949577091355737
4.033427179114511 3.096577569219639
3.9875 3.3
3.744756003116742 3.2880250070394994
3.5846160425657416 3.5634982104619994
3.7595446551230545 3.4070210331838853
3.927005532597474 3.181759153337315
3.938978719075964 3.269803946206564
3.75 3.275
3.9800903917643966 3.1159008607315557
3.696053384742675 3.5448787584316706
3.7403392064282412 3.1935920650499754
3.6973978059086425 3.5518893877448265
3.4798915344901844 3.163123106508992
3.9875 3.2125
4.303898974577613 3.2540544141511702
4.295236092852238 2.9782739737868864
4.454730470065428 3.2190775018656295
4.160778963211341 3.195103222679627
4.1625589979531 3.2128090447234827
4.6125 3.1625
4.298004375758429 3.1948233457753417
4.700844449353009 3.121294758384498
4.866541761095481 3.067183989501268
4.89092588047035 3.430685207134057
4.682033851731247 3.4383060298575527
4.925 2.95
5.012596897388157 2.822199267371893
4.95736678462658 2.9005285968685923
4.898561479405623 3.2630868960966466
4.936729244665293 2.9019995573402015
4.744227088683378 2.755340219975534
5.1125 2.775
5.238403276013686 2.5904352985769634
5.321977340171043 2.72869776664203
5.463204845784943 2.703212894919376
5.196620550531185 2.5882546821990955
5.347687587712079 2.759221703994305
5.3 2.55
5.304409467490452 2.427118293127157
5.2525686114199015 2.4127978405935124
5.490631538413546 2.2193404419652056
5.20433684412864 2.5577153973662403
5.240926852309656 2.5041488903359026
5.3 2.375
5.057502231086445 2.1690202044396445
4.927402883835589 2.1302427007314635
5.261578337694616 2.4877061086555914
5.335868046443282 2.0373942275011587
5.312157823436611 2.0498698946266716
5.1 2.0875
5.172682218113024 2.0965636883962575
4.997595607484956 1.96840930074911
4.976836017812966 2.0768186480609416
5.116106188415336 2.047735082571228
5.096880164958007 1.9859696116126215
4.9375 1.9125
4.8941384916936785 1.9456027427700349
4.746506675815186 1.6624702978212667
4.888649929302466 1.8650944064163724
4.80864967122185 2.0130786957469113
4.890266356042568 1.6226829299514662
4.6375 1.7625
4.482965675118019 1.7307949815005998
4.483715808486613 1.7557777663321943
4.587130362369152 1.9106544688619196
4.635617980859623 1.6834454927622673
4.5679124098922355 1.571537296565964
4.3125 1.6875
3.924402202302203 1.5283599118223195
4.051337068744267 1.790708342174233
4.226679640940149 1.857034704778414
3.9067460667027687 1.4309938983315618
4.170136211642732 1.9336201568187419
3.925 1.6375
3.7203063046607134 1.6095086700484387
3.8477919199838864 1.7965196864120472
4.136028277460343 1.6113458854968485
3.914785180290186 1.4089748444766983
3.973597427232524 1.5788592534010093
3.725 1.6375
3.911204928294757 1.4494914408301482
3.6970623653783647 1.8345054830418506
3.795814173206547 1.9331672574818526
3.7115633001822985 1.5988920275431397
3.848801049194008 1.6778875986227306
3.6625 1.6375
3.4720746182254154 1.675005763041875
3.5275052192219065 1.8015301453233021
3.2874217744841543 1.5716014793390911
3.665836556440079 1.6480632407900075
3.394635114040304 1.4353988725817388
3.3875 2.0125
3.2977209119565565 2.1059887899690564
3.322299041461325 2.0899069825123306
3.4280620571881237 1.7649921993590894
3.608131554064946 2.1248093588514108
3.06957601926229 2.1628702953590064
3.8375 4.8875
3.76102187209239 4.967917269780626
3.6995124665131867 4.625689138420312
3.839486585385007 4.897435063245068
3.7644517251388927 4.8781807829945105
3.591797824965647 4.685635949901226
6.85 2.9625
6.924556968693841 2.966054142367399
6.794303386950753 3.050459577297066
6.8786805147765495 2.9931405507840863
7.1453393844208595 2.88935024489806
6.5731345757098385 2.950751678331619
6.975 3.05
6.9160639593027895 2.8823602803035913
7.314921680385682 2.9254693924234303
7.2034151699850195 2.7827025972285555
6.8166084717641535 3.3599422095062708
6.940533415919401 3.1142192937475826
7.175 3.1625
6.944415350792464 3.3340166409082483
7.368814707025445 3.3366491526019857
6.980414782378529 3.0317849487994395
7.149635882220525 3.1438538752948686
7.385603029824909 3.240082567234977
7.4 3.25
7.518139193687503 2.9434037314910837
7.693910080175499 3.4727890401986996
7.737231321409789 3.480372082923516
7.556851041770123 2.9660309710549897
7.473902241739195 3.253154718821982
7.7125 3.2875
7.965234576371648 3.065761634300111
8.251307736398628 3.12226702550097
7.8645846029198605 3.3247447561185126
7.9326484385140645 3.313006880410987
8.247826151535632 3.135567629387772
8.0875 3.2875
8.160541481818898 3.2987189188072845
8.165768946956877 3.3615456570085884
8.27568126185644 3.2990768797868855
8.121775761134346 3.2633135624257763
8.231448224689801 3.0224872309489554
8.4875 3.1625
8.415593181582008 2.953063525917865
8.843149966826935 2.9419323587744373
8.499265608651772 3.0286557044957108
8.199768070138544 3.036768465469758
8.551794647747197 2.9464541383835594
8.6125 2.9375
8.817132536941731 2.918494160613629
8.452107896196129 2.8244431438927036
8.503901785171188 2.563188097894765
8.756230755966191 2.6137404608074446
8.434743925877793 2.4694055400038266
8.45 2.65
8.461332783837538 2.8806359492693745
8.348491021645833 2.7919656056652955
8.6544273365856 2.595050328291073
8.491221961963133 2.917796817923565
8.194765058450049 2.7666710389911886
8.25 2.5375
8.054879165311824 2.3009182081515673
8.22687591391267 2.450992231213475
8.025185784152711 2.489589840922983
8.038986579482058 2.756156237508918
8.198936465695768 2.349189130341878
8.3625 2.3
8.243848394401992 2.262665128200041
8.27396486529465 2.5713586362721004
8.276248097692626 2.2106057091793545
8.233243777015032 2.2266708370289594
8.073594114008596 2.1141586548628792
8.15 2.125
8.071483395588043 2.1851609453136276
7.924037135209855 2.2543713619972947
8.109378998584734 2.043941293902398
7.980920123739937 2.1787697202378267
7.917940886149479 2.107949595987729
8.0125 1.875
7.968087776011144 1.739194280508542
7.767644265834917 2.0986335941293675
8.165670885785001 1.7177857191469017
7.658089080846139 1.6376073170873682
7.604454365284418 1.7994003302085262
7.8125 1.7625
7.60624006613759 1.8966962020708535
7.5989442052815095 1.48593227609405
8.005368483028253 1.7066917538006947
7.599335164013061 1.6388082420046346
7.764389370962478 1.7314775915632041
7.6 1.625
7.7403687836555175 1.512954829049022
7.555403386840311 1.5973995805071524
7.2661364420985874 1.6841424625529355
7.124032084884627 1.5065020434013845
7.530974681996682 1.7099575307721395
7.5 1.55
7.671225249714548 1.456163225712848
7.535860589072955 1.5412839593698506
7.497676352503466 1.5976103238385817
7.452283527291203 1.2195568514507713
7.737125184558603 1.219852252936903
8.25 1.7625
8.274024989445412 2.066634267813913
8.519402352693247 1.5653058872580714
8.430359877797978 1.861080155112326
8.266022021156314 1.8646547255857129
8.33560213295708 1.8564926456953188
8.4625 1.8875
8.36542436894393 1.782313438315255
8.511145641380468 2.0317732792891023
8.451685865741833 2.1983721079873293
8.617508361128047 1.8865497313536395
8.285683092001012 1.6711770275707551
8.8375 1.9125
9.239656351533291 1.9473457192910915
9.322234584199146 1.722052687974235
9.080550402234536 1.7559966369969302
9.013658250796201 1.6499063525458042
8.993129170188753 1.8620483657398623
9.3625 1.7875
9.237482215110393 1.7634951924982487
9.296306072113369 1.6424156967930217
9.330769392617183 1.7261048269779735
9.170492740856771 1.5810893060659226
9.515231901519469 1.9875824161381161
9.425 1.6375
9.51677299106682 1.5448888886970025
9.423829263160814 1.3457609668887713
9.422162118212153 1.5255015703042034
9.329727173403722 1.2187182807718941
9.257775205254726 1.2473957938466398
9.375 1.3625
9.348827862884633 1.2224280873408175
9.355249440531304 1.094609211487294
9.033461821117417 1.0467176063165908
9.461181244066465 1.2997301705759938
9.449551846057705 1.289100935261915
9.2875 1.1
9.216035540491838 0.9252734617738682
9.264842046686177 0.7718420928326936
9.183216592200033 0.9646495368084785
9.263498654969592 0.896273360366358
9.238348595812603 1.2803694441007238
9.1 0.8
8.76450526728066 0.8483914725588775
8.880254497984371 0.5383206379212367
9.294339254203113 0.6149824306094956
8.927630321188705 0.7314845132331115
8.999268289336579 0.6038538189150315
8.8375 0.5375
8.570503776862767 0.7089675656301608
8.374463880482534 0.6453944386325616
8.694562637040423 0.3368775614448481
8.877438444734977 0.4915715422195618
8.468869752750628 0.13737405484951354
8.5375 0.4125
8.361657665236912 0.24819118557905853
8.576297893996536 0.23895306410079797
8.439117322239493 0.3362959421209382
8.425160402938799 0.45892473589438365
8.272793384314244 0.7094833548240288
9.9375 6.7875
9.979583337467094 6.491199952336605
9.930040980391421 6.828335341042914
9.825398688553834 6.7104950893604265
1.5 3.7625
1.484111580835436 3.897689493154499
1.3258260394257595 3.8218061239347194
1.5533349819569349 3.8239500104136726
1.5227186309039042 3.842733306433471
1.79741317357084 3.640872279199538
8.354943997266439 4.657716124877727
8.78397137859416 0.2582091907621442
6.249939770158934 0.6304043962255657
3.6735818620873073 7.519148058874993
5.790953684072919 3.6843705646455116
2.6153964204850544 9.603005542665567
