4.475 8.85
4.126420575105536 9.021269458277134
4.420319059621923 8.873645008361773
4.763639558114178 8.993593565539124
4.414802579478772 9.327092120631303
4.382359966473725 9.308102719673924
4.025 8.925
3.6557573383665245 8.476250418009661
3.9852426313006886 9.238959478619936
4.001580954792121 8.890082882516225
3.962236621377079 9.299546619004472
4.043836836918066 8.979665385485038
3.6875 8.8875
3.252432681520182 8.72929893409766
3.4293136420882306 8.8780209732997
3.6577230106664205 8.784645071752706
4.036572458938365 8.738609335437257
3.963562960856008 8.641773237265854
3.35 8.85
2.949103677725436 8.246174531053798
2.905994951268613 8.608768229808629
3.334055492545894 8.893088603318947
2.491959574674528 9.064150350854911
3.0729234634255858 8.722611453566984
2.775 8.775
2.693049465619308 9.03025943966166
2.4793976545161285 8.707375355963357
2.5230119942557803 8.56514301237046
2.4869843787414623 8.617511172762192
2.7562367949984488 8.96939452462082
2.4375 8.6
2.344343109970471 8.298475611405745
2.1574905650783007 8.502893365116542
2.3037587210270294 8.511264193423523
2.0302209279912513 9.027186077723544
2.1296847240607724 8.589076656910573
1.975 8.3375
1.9198830422226671 8.065879276739512
1.5106620170040117 8.11700473043742
1.7913118997475745 8.112220853812982
1.8366817600131573 8.118862804044578
2.0839575960446877 8.437857043492167
1.35 7.8125
1.306808205285011 7.62873856516795
1.3984138621835662 7.986430381290487
1.4325975909849797 7.555681800195481
1.3609243469240853 7.7244721705268145
1.589499527866853 7.98368256164846
1.0625 7.475
1.2347155952452096 7.110259449023518
1.4688694668816697 7.070585834060471
0.6439284220828114 7.26518966851185
1.3238446941011672 7.447882570687314
1.1111140930748764 7.773347285607801
0.95 7.225
0.5808360676370927 7.118295383031753
0.5865104176657112 7.449206363919811
0.7621671631020238 6.714295204181594
0.6060493678569333 7.112557998910971
1.14164774674565 7.628076240586242
0.75 6.8875
0.5412904380998219 6.224080362187728
0.13273269555589068 6.606129100851552
0.43020231964302147 6.899565524236306
0.7082559150880364 6.603159003747805
0.912505220697511 7.045991726919484
0.7 6.5
0.39319276719022794 5.79521452940603
0.811292695815313 6.3268839035627185
0.9995632359054252 6.057506315995576
0.6717574166196654 6.007332794604098
0.44375947084189366 6.392786887589456
0.5875 5.5125
0.4224150291642341 4.69295906276305
0.6727689633211125 4.560819171020187
0.5000150845117841 4.128428315708037
0.317998832262291 4.372743965354997
0.4361312461041236 4.70311486700221
0.4875 4.1875
0.4669076251549365 3.8987884039663676
0.23933934964211553 4.044064446385139
0.32141681293382635 3.909666092521988
0.549974807752009 4.269481119232267
0.5125 5.4
0.2128678941562832 5.462826417581605
0.8739384992266146 5.454144979016745
0.0559182616746456 5.387776571260716
0.25682193914253504 5.266393395406708
0.5895606233272288 5.799752053821612
0.3125 5.075
0.050787552013523786 4.623029511854254
0.5818460903355614 5.016421387518912
0.27521091595111635 4.742611506556242
0.1330108399559775 5.228248276479575
0.4625 4.675
0.9299877454444125 4.2305240660524035
0.6772327474837658 4.554207221175334
0.4332540109959752 4.166447958047774
0.625222991526963 4.912327186714143
0.25276463581592085 4.445761218179865
0.5 4.4375
0.4660256543771612 4.3827495537678125
0.6023043160290626 4.59001028875573
0.5136424279092154 4.33978420610634
0.6203412039947965 4.852207822519054
0.512686535670002 4.567908182138286
0.5625 4.1125
0.7237859679128593 4.588587530659444
0.1284715357036288 4.284493253990776
0.618637146566407 4.003753965862287
0.48179387463166534 4.319362746050251
0.6075151867293451 3.8714299450447753
0.7 3.75
0.6970326703394901 3.5210738803905413
0.6199015334533284 3.5620264544768103
0.7556173878223993 3.4216867976866596
0.8705019595188389 3.4192366513012287
0.5598501998295975 3.3279608981578135
0.9125 3.025
0.41157405691466764 2.748327827558731
0.9314498038807979 3.3425519414072213
1.2052491324551113 3.325143776296599
0.7642775881723493 2.750520116878279
0.7565061761604085 2.445946002040104
1.0625 2.775
1.1537590956048156 2.9479155603488536
1.3032086519692059 2.2522543540649522
1.0782630853518573 2.711545741295315
1.2388646262233416 2.733779140169297
1.6513058584517502 2.5879734007074715
1.2375 2.075
1.1117215124750461 2.274888173776725
1.5027526662897583 1.86310841830539
1.7787872212039868 1.6715785167542805
1.1553519114069306 2.051845702943845
1.0470957306664885 1.5891549717497555
1.5625 1.5375
1.2158769969950083 1.5176779201238915
1.308934544970848 1.8310634675522977
1.5517618583507589 1.7338719810020051
1.6110683249962257 1.4714011010098957
1.2879845614034076 1.8336870821829507
1.7 1.4
2.4086516967155065 1.133660480966877
1.772563739918093 0.7670942411277608
1.7219448645201783 0.7341297658986846
2.263527932974225 1.4506911217053642
1.7452226729514178 1.1282359181810278
1.925 1.2125
1.5230363170342371 1.091392960920868
1.8450107845126396 1.1021172415455198
2.2243123839316814 0.8853217151154951
1.8591793695036265 1.26049980745765
1.643549831752876 0.7802790174788043
2.0875 1.05
2.208688893815604 0.8879681513805735
1.8740413755062906 0.5081479675067484
2.147942030730259 1.425229237005911
1.8331026021374026 0.9786653253949964
2.202141680164663 1.0677707508267331
2.2875 0.9875
2.634170224645829 1.2038267172326527
2.445187926321708 1.0054799398452943
2.5600445316133604 0.955643251412873
2.481487791450422 0.8127035141507847
2.119489449518908 0.778099201123554
2.85 0.75
3.218404189503154 0.7403394380380661
3.136296125018509 0.15048692605809605
2.3748188310818508 0.9254241946748536
3.2203730976542992 0.90368313258044
2.3936176598296504 0.7653811270592599
3.075 0.6625
3.389178924942118 0.5652704967498977
2.645013548460257 0.5120273559160211
3.125975815905442 0.5765086440567486
2.9830691190866943 0.8445221026587859
3.6370017335158438 1.033019365630166
3.775 0.475
4.218441756608593 0.4480764017851072
4.565770196449553 0.4620905363746374
4.632313220204626 0.3783464744101977
4.20340762742631 0.12787851063568495
4.158054790414647 0.8214697183545766
4.3125 0.4375
5.112858128328254 0.3024497902716476
4.715294492489778 0.17108315034719085
4.528948342567042 0.41177512139127403
4.480358245158223 0.9401273792767896
5.068518754950386 0.053689580649354696
4.6125 0.3625
4.769758271680183 0.351215130200201
5.07867755639286 0.17270705214406093
5.119762552888091 0.6856315222867735
4.162432833573081 0.252186306169844
4.696581695418389 0.32775555047792293
5.075 0.35
5.204322912472981 0.4360019584841012
5.138215796763716 0.47104702007454763
4.810277917903159 0.6576779547157201
4.765540147914265 0.8106671137419241
4.953415891644374 0.24883971514033904
3.5 0.4
3.6993641303916185 0.7786943979304795
3.2707801453135814 0.8110354326668598
3.7762463039275396 0.3942900922742936
3.7996667462762135 0.3444345976454116
3.440092110612376 0.4049778931616629
3.4625 0.4125
3.5116989939430474 0.6738151499944663
3.6507366199401132 0.6476626426284497
3.320323890438204 0.6885545507438678
3.772977794270203 0.17188657939159527
3.3667128845563106 0.007749019761611464
3.7 0.35
3.991256504067502 0.1344062061543582
3.7403141021231754 0.007566522941205278
4.650024153417509 0.32809693345188295
3.6171562726597393 0.3382298229839492
4.157583117564295 0.30338486505453516
4.6125 0.225
4.830680863309347 0.2474957481641397
4.873114052193833 0.2278512645251581
5.027244586064083 0.373630992924484
4.88411458059439 0.19498436850762318
4.3328160354573075 0.1800167133109781
5.3125 0.2375
5.554278541996556 0.7040778556791025
5.667227799746358 0.3913346169966815
5.3719482401997025 0.43301866392588123
5.413958866556024 0.8383534503590596
5.8375 0.325
5.557563843939896 0.41882896799689034
5.607800013289434 0.4762591787532955
6.066120485949898 0.35426859324106347
6.095403229927599 0.4697434978747467
6.3 0.4125
6.361737811566648 0.4365307579037349
6.730269700218935 0.8216377084358413
6.353721870538537 0.4368694237508137
6.357914188517721 0.4287771526748273
6.149988989444494 0.5336118263086533
6.525 0.4625
6.91109011490439 0.5618615129461361
6.621562544406157 0.6586085295486086
7.22078471625168 0.5567984602943667
7.037573980832809 0.9844395406046388
6.603682214286867 0.5697290518367666
7.35 0.625
7.271324549879805 0.5873821640133159
8.046475669173352 0.6852947848905331
7.332337428871595 1.2409878563072296
7.090301006904374 0.929635924777935
7.3917757744887975 0.6855950205177365
8.1125 1.0625
8.038484495974062 1.515011898923514
8.359508015513573 1.5023638772036307
8.240641415579386 1.4646506378457047
7.708744091191379 1.1410788942794128
8.181684917814117 1.2630645870482184
8.2625 1.225
8.489712170491941 1.6196217545133436
8.43445035333088 1.5961557604858014
8.84605309330298 1.0826857336082027
8.746564662253617 1.8768668513486986
8.28882099858813 1.171449253001957
8.75 1.7625
9.220170678983871 2.011489676099605
9.34508351727291 2.3905585609776367
8.695333590357755 1.892439027810839
8.515297019851694 2.103445914215166
9.151495105922498 1.9813059529857526
8.975 2.175
8.60483609206329 2.855481941245505
9.074509883910576 2.373304980462386
8.48844015180946 2.4447504062405256
9.074069630903626 2.504259902185379
9.293593076146351 2.525317776060845
9.1375 2.6
9.341444843326565 2.697920058908238
8.930360901322143 2.936256374283185
9.195002591163433 2.3223641044464416
9.347556335678366 2.74481300969817
9.277902026801334 2.609655906714907
9.2125 2.95
9.522219824952508 3.1041506248163286
9.472408527915386 3.665387339122548
9.421382872264937 2.9915689630401103
9.49926388341596 3.219960090597792
9.203975214157968 3.117299995721898
9.3 3.4
9.295088255826151 3.612379126611647
9.190564424789281 3.419882397387018
9.273485576924683 4.144068096437513
9.286677040664188 3.7376433324871625
9.12520910052813 3.321571831294648
9.375 3.8625
8.970119409917444 4.116448245147962
9.41961628824664 4.444003940851282
9.522253633769227 4.1705693457708755
9.337372284173163 4.0722113827514725
9.757967256474565 3.6394733737992313
9.4125 4.4875
9.381408980831837 4.997282576146117
9.941775040425645 4.693802090786495
9.570909623277409 4.860270065062798
9.398125693527193 4.781871788983137
9.2516279448615 4.899151749699632
9.4875 5.1
9.533856844693831 5.2277717652973985
9.607575151449222 5.670733947384859
9.91978134857162 5.612231444661655
9.595484836179832 5.333237561646049
9.394148363248462 5.393736590433645
9.5125 5.8375
9.589739497720453 5.780986616968266
9.477688548878975 5.698290667164958
9.057036901519469 6.505326138835963
9.583401318362975 5.602086100657514
9.335888982200427 6.2049325510273
9.425 6.275
9.203741422835517 6.659792251928391
9.56835058880883 7.108538070488635
9.77457726128775 6.777955626946744
9.563849751592308 7.053149166467248
9.386891294772543 7.154062173021634
9.1875 6.7375
8.957132711655817 7.004840525449509
9.065236584223126 6.796294608375694
9.051228815833841 7.212611531975017
8.676583370342811 7.213171659121018
8.620997412258186 6.591106886600554
8.9 7.075
8.809157426704695 7.199490441300108
8.836344878478638 6.627011815300392
8.803774995108121 7.4049481842882985
9.048778155502209 6.93715124047984
8.643268418647928 7.283712258300992
8.575 7.325
8.563178298816343 7.068980343890297
7.902098979487633 7.536970736335209
8.443637137770956 7.793306502314204
8.040602478692879 7.99097730543833
8.737571137384691 7.535602491286643
8.1 7.6375
7.846828295472437 8.009675835463025
8.597167442243071 7.948999124832985
8.074208441979383 7.664487235514128
8.282956332654134 8.066907182238987
8.454472238927098 7.266063545984215
7.7375 7.95
7.427034759576417 8.642677919144816
7.872905402936368 7.701372810155772
7.491139119034321 7.510758814888024
7.279427226833592 7.751252659821671
7.6371674982777735 8.102353643038319
7.2375 8.325
6.5553041695070196 7.991423488031296
6.7671718807467185 8.4922194619869
6.443196198723489 8.877799806209891
6.9052845342584295 8.521392677760204
6.670223685310781 8.776026302529031
6.675 8.575
6.146240709501428 8.792119306582709
5.783113410745489 9.00413821689931
6.1468254433589555 8.981156718804623
6.0918451662612645 8.954388085403401
5.914305910508839 8.863152572571277
6.125 8.8
5.9469810914039645 9.176230257933044
5.460691262475044 8.913700250890695
5.439482665230255 8.85052132086653
5.644958996004179 8.6252695940885
5.746714465469321 8.73489609052257
5.525 8.9
5.401866681230301 9.019229780916499
5.7410660145705394 9.372657404482577
5.341002851372427 8.872282842160264
5.379279273717929 8.943434116278816
5.915215851167368 8.60597339663182
5.125 8.975
5.0976730478829015 8.597608046061683
4.8155648288910395 8.630534623609758
4.77918715161214 8.52008507531907
4.427136492941031 9.081641657515894
4.88293319686106 8.530985176675443
4.4375 8.95
4.570225336483 8.997662491145697
4.496348774003684 9.075364586981316
4.739556279288083 8.938495131615943
4.50838968992713 8.891283538809743
4.279737362604694 9.331881195105405
5.7125 8.9875
5.884774298272282 9.083839548231873
5.96242734395188 9.012429874947012
6.133367362605797 8.94611466789542
5.964369271161532 9.259233940732303
6.05070403601778 8.430171473975873
6.7 9.0125
6.519004496215392 9.008138974492834
7.3627830603502655 9.315568928834182
6.702913969204933 9.302573122894541
7.0640812927117285 9.483699483905191
6.882976948495451 9.084052598780056
7.1875 8.9875
7.20513899051358 8.783939974483788
6.861877127587922 9.018212670944347
7.235568915335101 9.082090394013429
7.488165083571216 8.713882079485622
7.266077033241784 8.901265991108549
7.8 8.1625
8.219665274809937 7.98180840851397
7.92484513055477 8.030096123484052
7.814583785318121 8.092321032818068
7.519491413279989 7.59760337862069
7.513252744980707 7.975064218947482
7.775 8.1375
7.89858712194579 8.36919018560117
7.416127306793504 8.267219125479418
7.654388193514268 8.175096174201355
7.55461221468714 8.119691521941803
7.230750935806903 8.591466794292426
7.35 8.275
7.630066791368971 8.534539736429831
7.881871413414406 7.968170287817253
7.512279600467809 8.129112881926957
7.857574039425816 7.9611198894655
7.288788800075119 8.466884145801078
8.3375 7.675
8.663798002221167 7.591916077900575
8.498275381859663 7.144280285012715
8.041679770224585 7.3898776598264675
8.156522673435301 8.042040185684888
8.387193814555424 7.503663965139827
8.7375 7.375
9.06446097633415 7.143674193938544
8.689942985315321 7.437087226996269
8.558126369369964 7.363834336592217
8.808990622932797 7.324498290329916
8.844426857807006 6.787341181611362
9.1375 6.95
9.577911142527851 6.505241935197264
9.131844239191961 6.832533052507581
9.191100330457164 6.8504572025219
8.88020765729556 6.648060829102232
9.25726460245024 6.712149108672851
9.2 6.6
9.605745825759072 5.856289293192808
9.26814106989806 6.668866075551921
9.640130764317611 6.191514927445484
9.218844253619183 6.509105785852745
9.49118741530891 5.730820126902233
9.4375 6.0875
9.147610605847643 5.916136149017946
9.17197135734587 5.654648560873204
8.959863792935312 5.563234968234456
9.813667665714913 5.792680900561086
9.455992841791721 5.824111564542246
9.6 5.325
9.879681995662706 4.932530879160668
9.627119252473102 4.759821039622915
9.823448555772094 4.893267422202351
9.3375 4.2
9.75106955594199 4.125699654077263
9.009091281610285 4.137229759877302
9.31969192433299 3.9325442750709483
9.078573040727015 3.9462008756567273
9.48326976397804 4.045668454403829
9.3625 3.6875
9.359943008201778 3.3281603987803963
9.55883288297143 2.9100141439609786
9.41644012484028 3.4462830843690484
9.201247081457641 3.348757514242126
9.872134394268333 3.34256708152851
9.325 3.1
8.780426290628377 2.872114051547129
9.036619497692778 3.0030824035737695
9.19329909114636 2.951387651299579
9.343978682570095 2.9268297295463825
9.86819079962758 3.0707168868519927
9.1875 2.825
9.258082273561545 2.443155263761443
8.80606627419495 2.167993999432942
8.546806942256122 2.2923840176144
8.990710605337558 1.9433346609702213
9.169806901925345 2.186343422993275
8.975 2.45
8.983923954946308 2.7225885072748865
8.98466832928288 2.4167225507355057
9.147701789747549 2.2550117301648185
9.013553218686457 2.278921357994747
8.937449689794077 2.375405396519099
8.8625 2.3
8.275646630148405 1.7303031185056539
8.87274874563951 2.4878626232129077
8.303814927169359 2.219929084286471
8.306408039028224 2.3812751840382815
8.905204707472839 1.6368757455147815
8.675 1.8625
8.602537096752446 1.539394366962543
8.175126998745352 1.308411183638593
8.631349069035213 1.8093033331075545
9.111418122639737 1.5448235382037425
8.536710908541856 1.7343792526059332
8.375 1.6125
8.179050584227848 1.4936211618822568
8.497390553787225 1.4171585844501564
8.319655894575183 1.1442616034504796
8.138934688781111 1.635364777296931
7.675570955234673 1.4272676247180385
8.1375 1.475
7.865427838555672 1.364452912373474
8.374092557477367 1.7148849208562154
7.994251866456831 1.4248260567004265
7.899207235481692 1.060310777590847
7.956962774328948 1.6140499854230754
7.8 1.225
8.105565645445134 1.135950587959377
7.005795191640547 1.2537460118334494
7.3246053502870465 1.4753788421075016
8.0471105746864 0.9991353009160931
7.644850212197501 1.184454074934051
7.425 0.95
7.111549087686315 0.8079591277535443
7.461043038585439 0.9256499400911224
6.687890961440983 0.993335613624781
7.407258945963716 0.9502308687316813
6.859456857182197 1.262570489827101
6.95 0.575
6.8219723736455915 0.5525246481663615
6.817415422984311 0.8917098657308558
6.7617104609366105 0.6644188076617639
7.19749842581926 0.540727574233172
6.768149418368085 0.5680195995263191
6.7875 0.5375
6.640680145597862 0.3559079175836601
6.660115279163873 0.41377492665042864
7.034171116391185 0.5647584486313477
6.5655736081684095 0.14174884672594032
6.235624595473847 0.6675704164521491
3.6125 8.8125
4.126470408073471 8.928461098292432
3.7558117848525 9.316158127520433
3.669978317371308 8.844443025469726
3.7514398780742035 8.880579452347176
3.3039337537613123 8.593280908273211
4.7125 8.975
4.440750556457071 9.143721004503986
4.8413067115123685 9.417672445155766
4.721464239869962 9.021553187253733
5.0205075026992425 8.977920007288393
4.848103536092395 8.910924279302648
5.025 8.975
5.0831701998350445 9.417776089029028
4.53105107343777 8.64140747385594
4.968814437431741 8.726446747388753
5.044053137173601 9.148082421012948
5.138757636856478 9.018456440514116
5.3625 8.9625
3.955841239366939 9.14860901183785
4.411535650305266 8.90467779176571
4.177938494761813 8.939132354565842
4.448010927173275 8.777936151277073
4.093898365354075 9.081902111133369
4.375 8.9625
4.414396656999679 9.437970379078536
3.8224262730365894 8.734660404174726
4.498202745885907 9.321833508511432
4.205133869285802 9.54605157203168
4.424890441217764 8.673286407274986
4.0375 8.9375
3.6292530152184446 9.129409694610203
3.4375239243279574 8.705174000536285
3.025073108591871 8.959931403645843
3.7087446750315025 8.872669466519516
3.737887734632431 8.49970835217708
3.3125 8.7625
2.7726345889873634 8.832643107818523
2.7839253704957962 8.751580699557184
3.137858794704175 8.86187030218152
3.2215742724382963 8.434790991955571
3.1328882951466257 9.061464504085183
2.675 8.625
2.520071545725373 8.690113263936288
2.672089148577119 8.484972220813884
2.5172659282053216 8.499142040928973
2.824354901658602 8.835485396670752
2.592816820289717 8.74048876141724
2.175 8.475
1.9176475512671132 8.38037511483679
1.918870136942799 8.117473293410203
1.8594295699534538 8.131723337445637
2.0733362772930324 8.815510966910347
2.045557276973075 8.613160040907271
1.8625 8.2625
1.6880016956351445 8.149691568047288
1.7360581697135253 7.653933589312939
1.415554887517942 7.926382207210165
1.8915767579728116 8.229251039919038
1.9249825206902762 7.8205935832914095
1.8 8.15
1.67921974756107 8.052773436785587
1.1821534538342404 8.242138985239492
1.68718858013251 8.338668442905597
1.802700863632835 7.710237795432851
1.5430209329650326 7.976067809048525
1.6125 7.975
1.3316299310987152 7.72633816148624
1.1496352782718644 7.635685757783833
1.2886621234048534 7.646962657542234
1.9947643084421975 7.6717460546274365
1.0298479779528091 7.368450319608073
1.2625 7.475
1.1743409921616972 7.316290764098179
1.397763727458063 7.396577905688856
1.1473382834242545 7.667759602933629
0.9604889399724493 7.746197510094146
1.0986143076598256 7.316616351126666
0.7375 6.4
0.5939070463010958 6.371891380689694
0.5610074337417272 6.986113967934708
0.7069503796359855 6.153684729720782
0.7327423132462398 6.6444399419101305
0.7048964371145753 6.6728322015078785
0.9125 6.9625
0.931089176786832 6.855640324227531
0.6619904894978934 6.846399630236354
1.102989228095133 7.065647068815648
1.0187117441722577 6.630807211112176
1.1610153656798243 6.865576350882708
0.6625 6.1
0.8196568944144813 5.8984814950937015
0.21291282329022007 5.995352413028997
0.5970503920279957 6.298123705395736
0.7589463439574506 5.866759076733234
0.6516551755793629 6.360686644391072
0.45 5.55
0.6676956960979449 5.5044551132504935
0.4159014302748497 5.493090408724397
0.206635226264723 5.2630099546435165
0.44222629293367827 5.498952923448726
0.425 5.0375
0.4058338783560404 4.654477340498832
0.5860143650828734 4.683900512540202
0.5039768236177006 4.946027421020222
0.332894356499654 5.140259753117666
0.5625 4.4625
0.4385474800504342 3.919723167167093
0.5249894050435489 4.280600959659748
0.5557366063271588 4.015895410878858
0.45037967660564276 4.334591227756017
0.4030568519514445 4.7763125370763735
0.575 4.1875
0.45659088381097906 3.963312538851605
0.9639820166636944 3.844262149036048
0.322438897425947 4.342647002777906
0.6838619686614211 3.8263284026725577
0.3239611818631857 3.813168303496819
0.6875 3.325
0.2512991310013546 3.0407912676619206
0.4289666041646748 3.270077940783652
0.7355042933974862 3.30327820147689
1.1562905533859922 3.2438869101410006
0.4810615988733116 3.0327547704353264
0.825 2.7125
0.5309022898214406 2.488266614492538
0.8998789693795913 2.425593592577363
0.8479502038632729 2.4169291906221217
0.6340516535201314 2.6538420787097126
0.5766781899369462 2.5736063187408704
1.1125 2.15
1.2521708876172233 2.261187764974534
1.7064302729856649 1.6138791609935068
1.2702384184380655 1.9862329752272274
1.5001603561239905 1.7030771575206942
1.5530204843445097 2.071647848784137
1.525 1.35
1.0817836047700127 1.0892871075418271
2.0664562421750574 1.3169324332074879
1.5188253001612753 1.4874532674026084
1.978157543780958 0.8759809370684636
1.389744329010321 1.5744979294886847
1.9625 1.0625
2.511908459737996 1.1769931261543192
1.914470604142462 0.9109877841536402
2.0860936717649894 1.2266650774479841
2.198833926824176 1.364708813384631
2.089708318820521 0.9665008362445263
2.7375 0.5375
2.6952786737159613 0.5199066743281634
2.357105043880028 0.08255353008254503
3.328066158245089 0.263987529759774
2.475937615032911 0.4208446826286334
4.7 6.3625
4.780187250917541 5.773662456634374
4.795358385252667 6.422297945633173
4.603729102244193 6.238995188256743
4.653484868629647 6.2667412348534794
4.509824792149235 6.5183140320391315
4.4375 6.375
4.382284342730928 6.1988600667240155
4.436369915104171 6.875954373060651
4.070325227013519 6.15380332717991
4.213280177307645 6.191695239623306
4.6208621298320605 6.439853104667589
4.05 6.35
3.6842017933275963 6.4196053727903974
4.001141986747524 6.779100676293386
4.282589153695392 6.544307712900429
3.892509853039005 6.252736380386208
4.358378102084766 6.448384481787125
3.6 6.225
3.214825687113861 6.29756309670144
3.3518823754921634 6.152515360263937
3.220528116677353 5.840472623938855
3.375230490781474 6.10630819866202
3.4024402179157156 5.975374942107466
3.2625 6.0625
2.8930755777746877 6.235371196262834
3.0852237340938964 5.994353182142676
3.164348521069492 6.055490690749109
2.735888477246356 6.242453448731832
2.9219546614174936 6.028424080195454
2.875 5.825
2.7125524804686356 5.784129031551257
2.5566442161508243 5.828532595256534
3.3016864177544334 5.53685902708396
3.054724793113128 5.658560830716205
3.169885818393536 5.514807008825427
2.775 5.5375
2.9100846566179053 5.5005138674997385
2.6514081779503007 4.935589282273173
2.7851506351519895 5.129811577822938
2.3137569093003334 4.920885046671769
2.731821520651046 5.13332711683357
2.7625 5.075
2.7629333897822583 4.931579664220264
3.2320438996222975 4.862896191109199
2.8749509282275287 4.894548129812826
2.7683150473310247 4.862964097184071
2.795241339275743 4.741779898748772
2.8125 4.625
2.3627024145493722 4.494788159267797
3.2860670673575627 4.28133253247188
2.810867118071347 4.735432717289925
2.2377142832337436 4.401031304480511
2.4005159339282387 4.586636350894212
2.9125 4.1875
2.9449066021576855 4.103124342902334
2.8106500068595754 3.6886574800882057
3.286834220994655 4.271253109847867
2.6454861259609466 4.253805175853246
2.8565314107738904 4.394648331979661
3.0625 3.8625
3.16047340034948 3.427398008928718
3.0141614437454356 3.674559546123393
3.3817466931582465 3.701809549900201
3.0544651553376747 3.7145333041906783
2.912094987568458 4.119825638616961
3.1625 3.525
3.3624660976255845 3.715149150759422
3.3575213726397215 3.1270883233688025
2.857098483739275 3.150350162617265
3.219295691340901 2.9705497455658048
2.993226586843801 3.6406731914434807
3.3375 3.1
3.64513647793265 2.781347475716346
3.961867918592406 3.2020985274388094
4.094506506795648 2.678498955376978
3.7051811146456144 2.5137945419178407
3.2719471812115986 3.1306156294514222
3.7875 2.7625
4.334720511487818 2.3956305585835453
3.7719532176081487 2.6260855793946645
4.285586945764525 3.0113637624823624
3.9232102621532015 2.6795062046853912
3.7977194643700996 2.452095270907185
4.0625 2.6625
4.526216648431112 2.5256290526942378
3.8953449727390783 2.7437305921251633
3.754365965013256 2.733135796855058
4.1719384977986005 2.6698194431460225
4.323699832852432 2.8212180864783774
4.3 2.6125
4.650674030149107 2.953096305833624
4.783196731010791 2.1387602906590772
4.535215990607665 2.6005707523031605
4.0067276128448635 2.570539695913999
4.52599767229199 2.069284386459228
4.775 2.5875
4.6575097761262265 2.3787501185425937
5.121965622802124 2.777833712172992
5.355849663453782 2.6293672996845787
5.101276651148882 2.6601593531754633
5.091820842227274 3.128933118097277
5.225 2.6
5.48293865186648 2.60977742347241
5.692653069702632 2.8881082863431673
5.18806272865685 2.5166344322401755
5.4291426309098405 2.678254141336332
5.6438625208332445 3.0151207600183767
5.675 2.625
6.006285727464205 2.446304145915755
6.432736099524661 2.4120080528777352
5.998203593404459 2.727079300235938
5.99930170937067 2.2578653686191275
5.933886367639535 2.783033403765694
6.3 2.8
6.167980283656386 2.9181431045554262
5.989261790807812 3.080175120593414
6.5531361125021235 2.7397628693057627
6.857906100608609 2.806890524584587
6.330512970511088 2.4360593352657434
6.7 3.05
6.618681935473089 3.5343283501859033
7.059889551259085 3.144372745036718
6.836937475995349 2.7932550135284755
6.77118688874832 3.3333941532641065
6.952681726003277 2.91203946186764
6.9375 3.325
7.534871659526074 3.550176330119547
7.084797570536831 3.425344737458994
7.239809498946127 3.6823383154214766
7.0761528811015495 4.029298871141866
7.205358333309379 3.4622440148311453
7.2625 3.65
7.244830804674228 3.8956847860194457
6.750917732382232 4.022796720543564
7.276698999141402 4.366431379936013
7.405593940767064 3.5961182442004316
7.2991096154829505 3.555548313000975
7.3375 3.9875
7.152707636568655 4.103145789071415
7.255276396097754 4.51256637496614
7.140621073510931 3.7342894995951745
7.254893574530909 3.979609396962463
7.307325521265642 4.237311559448238
7.3625 4.3375
7.463751584877191 5.024765338652736
7.467356046558246 4.461260933355556
6.900378239995971 4.405509732198569
7.3777608576392355 4.362301768977955
6.950763369436524 4.007629556895111
7.4 4.625
7.3104751836017865 5.2134346640285845
7.38613918838106 4.801037766536091
7.24898170010281 4.8076847365874515
7.172439881502688 4.661047977393628
6.983219110999373 4.970882074678164
7.4125 4.9
7.0925525989192995 5.738732295176819
7.506986559836318 5.671510700702643
6.728861360807618 5.471573811889713
7.5616176834685565 5.203844589061523
7.863757058896742 5.4377085064048325
7.3125 5.4625
7.116407555674812 5.079699916332546
7.777240964423255 5.1938441606254475
7.379880915802322 5.030287525092272
7.528663006350629 5.9948430127902
7.233840402511875 5.651907520103877
7.2875 5.5375
7.352351002309166 5.894247726173911
7.102676649488549 5.914445226778456
7.574307419503604 5.204827150098003
7.090447211005466 5.746803545342832
7.521576740667449 5.6563791455744825
7.025 5.9
6.673792112903233 6.078637352805275
6.621436356325104 6.042853247642559
7.1766908990792775 6.257011020745461
6.823228372485036 5.953752921144306
6.874130712552343 6.434065115428299
6.575 6.1875
6.214000974502211 5.897941252422511
6.453939561080918 6.590793141762416
6.610080101287357 6.733478859740998
6.0801754839514945 6.289004832538073
6.262507769609121 6.182941455579401
6.25 6.325
6.590519038751178 6.702037642285899
6.301199346957267 6.548943617723173
6.37199348319152 6.3467349018726935
5.734641497232785 6.591791435152379
6.176210426551677 6.320984091599892
6.1125 6.35
6.012509127771795 6.400017074413711
6.2821808295373405 6.350183468091244
6.386560661217145 6.42587356542744
5.655250182156864 6.129747055165505
6.480275921350241 6.170782166496641
5.8375 6.4375
6.146893069471474 6.68436692477471
5.643256676783141 6.644434644459142
5.1053432630716715 6.425976122257017
5.682168291838524 6.449983682601683
5.544196307596163 6.845291575542608
5.5125 6.5375
5.3889035927695526 6.548743637148938
5.370942462629782 6.148648771563995
5.722729089824093 6.8331998753803544
5.57304827572989 6.397270661782961
5.2581650071342985 6.432316995614019
5.15 6.575
4.512305591447404 6.57167467023597
4.8009599468507655 7.013108590662249
4.987863429949033 6.540081998596776
4.934092541835059 6.380201793352916
4.850121013445561 6.496308298618627
4.65 6.575
4.097270809070572 6.212002913803048
4.004646337941152 6.077543865869579
4.527374425833767 6.334433488073242
4.23302222426584 6.164093977132575
4.288179772190688 6.594296954151288
4.2125 6.575
4.2230287032676435 6.73981110547832
4.1820652574651875 6.506196790752222
4.411172923152974 6.526623756758838
4.050066456889997 6.528613435012003
4.209719877558373 6.130361701581401
3.825 6.5
3.7057123017075364 6.407111457645175
3.419106395846741 5.907782457032654
4.113245996439974 6.572810061731086
4.034847848430481 6.222349777949003
3.961152966785792 6.206470181831224
3.5125 6.35
3.421757923472723 6.339578708966239
3.5212012864030378 6.244415430559135
3.318711362396364 6.404499242462904
3.510556402446203 6.403465653357818
3.6148589964799682 5.869318817304784
3.3125 6.2125
2.9628121405723387 6.145153088589465
3.172264527168157 5.910363534799656
3.664978109088338 5.886070581924198
2.7921957198846945 5.674301790466193
2.947742506639194 5.8088971908188825
3.125 6.025
3.2461767977323768 6.144311073966675
3.313680247755837 5.850598201725825
2.7133772921331127 5.551593956542337
3.090393300347377 5.961251508279958
3.077525285987761 6.019210111781845
3.05 5.9375
2.9518940013157975 5.737089044111451
2.5207589111967184 5.62695574328397
2.8395756732738513 5.818283761656515
3.248319961061913 6.044141526912782
3.308793112887291 6.155465360826904
2.975 5.6625
3.3809778235850407 5.996076271156582
3.3962291416256774 5.34221501456431
2.706738642944505 5.156473672320905
2.7294567558997 5.791367628957528
3.2377465852704184 5.8375372207683025
2.925 5.3125
2.949441103201956 5.046740400243058
2.838812175999736 5.015023120718033
3.0042273900193477 4.978270798239775
2.621982440968325 4.527752765244755
2.849269625236885 5.043220630863125
2.85 4.9875
2.7430085370184365 4.653904111315827
2.9067510720999126 5.0752013234310684
2.871959214607181 5.3044006119200136
2.9681376378777733 5.381365718107326
2.8840389419342474 4.384206318719287
2.8125 4.675
2.7770928645667894 4.633711550101477
2.2957281182501617 4.661637984260227
3.0864624146612014 4.270325541077134
2.922759833284107 4.769700321396991
2.729582486019425 4.6514725727900075
2.8125 4.4125
2.4845308411796503 4.238508488517204
2.7310156781339137 3.784611578622431
2.9450969233148507 3.7543357809716413
3.094397349417852 3.950362761135408
3.0799820587599656 3.792918798735483
3 3.7125
2.708989576985218 3.071461271768942
2.9460946517087576 3.4267628871992373
2.7138763711053953 3.191738155367665
3.168902878493414 4.015956496729187
2.756253928071932 3.5555424569197966
3.2125 3.2125
3.367859266224996 3.1143358705800113
3.5401054939488334 3.4935768396951388
3.586341305022615 3.2052951411834285
3.2288640673478026 3.2724801412185145
3.635740412880972 3.3016252754657756
3.325 3.0875
3.0273082544260497 2.844542764449115
3.7887277643388786 2.947449204159395
3.5909563761586063 3.073132324316904
4.01604672213554 3.170794560629308
3.7579271683521247 3.2154532254073076
3.775 2.85
4.054562886129555 2.868238924801557
3.8595171571843836 3.203892397567304
3.5739576026247093 2.6380987340879756
4.148168913057339 2.711036715900582
4.0691455329287844 2.458515280725358
4.075 2.7875
4.285553570135376 2.215257782336103
3.778069063333578 2.3089266296019106
3.886023366447005 2.3953726913056967
3.797871812528934 2.5656845228880045
4.61368259194443 3.214517874664897
4.5875 2.6625
4.6172360539393695 2.6349544868428993
4.771503586155727 2.7492630232208497
4.858629392154146 2.668298357163293
4.6362527023798865 2.69772456519877
5.03124193120987 2.749426958210684
5.325 2.675
5.396284531310728 2.6958671989974166
5.747140918644571 2.6634233084086234
5.470927585018574 2.5919166577376047
5.410244283431845 2.633291556305237
5.370106192503553 2.398850584039394
5.6625 2.6375
5.668852207529506 2.6681281142805418
6.086324755254583 2.35093212075011
5.62877465028087 2.439435977995936
5.291603132285191 2.792943112447651
5.660086540643244 2.777322823042799
6.275 2.65
6.245196467380319 2.8149640138641985
6.006713880563668 2.856468259421722
6.481106425336094 2.821855746045334
5.9102920569953525 2.9235584065998905
6.508255660373697 2.9721553930495377
6.4875 2.8625
6.712445016970406 2.892957140065475
6.449003571478471 2.765896299459476
6.489506237224437 2.9536144824214148
6.500023240295431 3.2553290940489035
6.577461428121275 2.9675105200152885
6.6875 3.1375
6.659213909959867 3.564859952997621
6.877916697452628 3.440154843691063
6.765762734812187 2.723296565885657
6.8960964116330405 3.0555243235252676
6.876760484089759 3.2706201696989936
6.9875 3.6875
7.224747251686035 3.4626113267770804
7.0171234595228045 3.7956160119823417
7.300956070596291 3.1868373919890787
7.138277273533779 3.6235236417394505
6.888404442890642 3.46604089632888
7 3.8875
7.019467127543545 3.9322967137045004
7.008056451538716 3.8946107809954524
6.687448172984529 3.440840322551047
6.498384469637732 3.9163836791739235
7.058397532284303 3.8288640573100445
7.4125 4.4875
6.944894293313273 4.340822514775335
6.842395452537995 4.540404620283985
7.438900123721204 4.213213760638245
7.089789853253914 3.7936030307104716
6.971289058154932 4.295119440247918
7.2875 4.05
6.912763257032037 3.98141464100066
7.30570468158744 4.273870533692414
7.249356349610925 4.411851471856825
7.259220874032652 3.973213770245748
7.69879948958784 3.8340931178530533
9.4 4.375
9.36873291098592 4.378964729536793
9.770362084761022 4.365224626465775
9.706929912434225 4.7798893778955165
9.35698863684436 4.307126607555686
9.423044842715516 4.201823841502341
9.3625 4.3875
9.546199228538141 4.915244942824492
8.890392377289206 4.44777619749265
9.258792243656739 4.236689586776249
9.006850220499468 4.642789260685922
9.376201839763956 4.0792301571023675
9.5375 4.8875
9.592782319794454 4.949009694097391
9.336001643789409 4.807334499434189
9.640428398508073 5.045492389789877
9.67120684342394 5.244787860473944
9.572808386492968 5.220827669702987
9.4 6.2625
9.399750100375652 6.335594634590556
9.884417588654918 5.960676437618802
9.559017162536696 6.582037024296184
9.37910435390566 6.371033795943695
9.177655484133892 6.7014320609990365
9.35 6.5625
9.281951252642067 6.1151567486305805
9.27370346538705 6.030614482758608
9.928416796929252 6.69075530552891
9.166507979012637 6.4649621279855385
9.371809523772132 6.46817408480774
6.1625 9.05
5.98568081964477 8.590041708443142
6.667157226584206 9.261366225601593
6.2844902738409 9.026419134951139
6.648806709633985 9.285551112174133
6.411559890764815 8.696834281908178
6.475 8.85
6.39072128364687 8.523670092916692
6.99769630243442 9.041997785200937
6.774109948508354 8.359378468705057
6.425278027244589 8.569817766024958
6.739001834545033 8.921850361810057
